3 0.3671875 0.5 0.28125 0.228125
4 0.178125 0.734375 0.2921875 0.2609375
4 0.4265625 0.653125 0.284375 0.2390625
4 0.9015625 0.4828125 0.196875 0.221875
4 0.665625 0.59375 0.2296875 0.3609375
4 0.915625 0.653125 0.16875 0.23125
4 0.246875 0.896875 0.303125 0.2046875
4 0.484375 0.8421875 0.2859375 0.23125
4 0.209375 0.13125 0.2609375 0.196875
4 0.059375 0.209375 0.1171875 0.21875
4 0.93125 0.8078125 0.1359375 0.221875
4 0.55 0.934375 0.2578125 0.1296875
4 0.296875 0.984375 0.24375 0.03125
4 0.753125 0.046875 0.2625 0.09375
4 0.2734375 0.315625 0.296875 0.2421875
4 0.08125 0.4125 0.1609375 0.2359375
4 0.790625 0.1578125 0.2796875 0.2375
4 0.125 0.5640625 0.25 0.26875
4 0.8453125 0.31875 0.284375 0.2484375