2 0.4953125 0.6333333333333333 0.084375 0.2777777777777778
0 0.0703125 0.6388888888888888 0.0765625 0.2777777777777778
0 0.153125 0.6388888888888888 0.08125 0.28888888888888886
0 0.2375 0.6388888888888888 0.0859375 0.2777777777777778
0 0.3234375 0.6388888888888888 0.0875 0.2833333333333333
0 0.4109375 0.6388888888888888 0.0890625 0.2777777777777778
0 0.5796875 0.6416666666666667 0.0765625 0.2777777777777778
0 0.6671875 0.6388888888888888 0.0859375 0.2833333333333333
0 0.7515625 0.6388888888888888 0.0796875 0.275
0 0.8359375 0.6361111111111111 0.0875 0.2638888888888889
0 0.9203125 0.6388888888888888 0.08125 0.275
0 0.0671875 0.8888888888888888 0.0828125 0.2222222222222222
0 0.153125 0.8916666666666667 0.0796875 0.21666666666666667
0 0.2375 0.8916666666666667 0.0828125 0.21666666666666667
0 0.3234375 0.8916666666666667 0.084375 0.21666666666666667
0 0.4109375 0.8916666666666667 0.0859375 0.21666666666666667
0 0.496875 0.8888888888888888 0.0859375 0.21944444444444444
0 0.58125 0.8888888888888888 0.08125 0.2222222222222222
0 0.6640625 0.8888888888888888 0.0875 0.2222222222222222
0 0.7515625 0.8861111111111111 0.0859375 0.225
0 0.8375 0.8833333333333333 0.084375 0.23055555555555557
0 0.921875 0.8861111111111111 0.084375 0.21666666666666667