0 0.09375 0.18218623481781376 0.065625 0.21862348178137653
0 0.23125 0.1700404858299595 0.0640625 0.21052631578947367
0 0.3 0.1700404858299595 0.06875 0.21862348178137653
0 0.434375 0.1862348178137652 0.0671875 0.22672064777327935
0 0.571875 0.18218623481781376 0.065625 0.21862348178137653
0 0.6359375 0.17408906882591094 0.0671875 0.19433198380566802
0 0.7734375 0.17408906882591094 0.0671875 0.23481781376518218
0 0.90625 0.17813765182186234 0.0671875 0.23481781376518218
0 0.90625 0.46963562753036436 0.059375 0.22672064777327935
0 0.771875 0.47368421052631576 0.0671875 0.22267206477732793
0 0.6359375 0.4777327935222672 0.0703125 0.20242914979757085
0 0.503125 0.4777327935222672 0.065625 0.20647773279352227
0 0.365625 0.4777327935222672 0.0703125 0.22267206477732793
0 0.1625 0.4777327935222672 0.06875 0.20647773279352227
0 0.0953125 0.47368421052631576 0.06875 0.23076923076923078
2 0.1640625 0.1700404858299595 0.065625 0.21862348178137653
2 0.3703125 0.17408906882591094 0.0609375 0.21052631578947367
2 0.5015625 0.1700404858299595 0.059375 0.21862348178137653
2 0.7046875 0.17813765182186234 0.0640625 0.21862348178137653
2 0.84375 0.18218623481781376 0.059375 0.23481781376518218
2 0.840625 0.4777327935222672 0.0546875 0.23076923076923078
2 0.70625 0.4817813765182186 0.065625 0.22267206477732793
2 0.5734375 0.4777327935222672 0.0625 0.21862348178137653
2 0.434375 0.4777327935222672 0.0625 0.21862348178137653
2 0.2984375 0.4817813765182186 0.065625 0.23481781376518218
2 0.23125 0.4898785425101215 0.059375 0.24696356275303644