4 0.21875 0.271875 0.128125 0.2234375
4 0.33125 0.265625 0.128125 0.2234375
4 0.44375 0.2671875 0.1203125 0.225
4 0.50625 0.38125 0.0015625 0.0015625
4 0.6765625 0.271875 0.128125 0.228125
4 0.79375 0.26875 0.1203125 0.225
3 0.109375 0.271875 0.1140625 0.2265625
3 0.559375 0.26875 0.1234375 0.2203125
3 0.9 0.26875 0.115625 0.2265625
3 0.09375 0.703125 0.134375 0.2234375
3 0.2171875 0.709375 0.121875 0.2109375
3 0.33125 0.7078125 0.1234375 0.21875
3 0.44375 0.70625 0.1203125 0.2125
3 0.5609375 0.7125 0.125 0.2140625
3 0.675 0.7046875 0.125 0.215625
3 0.79375 0.7046875 0.1203125 0.20625
3 0.903125 0.7109375 0.1171875 0.2125