3 0.084375 0.1484375 0.1140625 0.06875
4 0.815625 0.203125 0.140625 0.1359375
4 0.59375 0.196875 0.1765625 0.1578125
4 0.69375 0.00625 0.0890625 0.0109375
3 0.10625 0.23125 0.121875 0.0796875
3 0.5859375 0.328125 0.10625 0.115625
3 0.109375 0.325 0.1390625 0.1046875
3 0.640625 0.3921875 0.128125 0.103125
3 0.5109375 0.009375 0.153125 0.01875
4 0.184375 0.44375 0.2078125 0.175
4 0.6453125 0.4828125 0.15625 0.103125
3 0.0125 0.47421875 0.025 0.0234375
4 0.70625 0.56875 0.1609375 0.096875
4 0.2140625 0.5734375 0.1875 0.121875
3 0.0125 0.571875 0.0234375 0.0546875
3 0.03125 0.6375 0.0546875 0.05625
3 0.734375 0.690625 0.1828125 0.1203125
3 0.21875 0.715625 0.1578125 0.0921875
4 0.753125 0.7796875 0.153125 0.140625
4 0.74375 0.0390625 0.140625 0.078125
4 0.0515625 0.740625 0.084375 0.1234375
3 0.2453125 0.8125 0.159375 0.10625
4 0.765625 0.89375 0.1546875 0.10625
3 0.265625 0.890625 0.1671875 0.1140625
3 0.0609375 0.871875 0.090625 0.13125
4 0.84375 0.9453125 0.1625 0.084375
4 0.346875 0.93984375 0.184375 0.1203125
3 0.525 0.0453125 0.1765625 0.090625
3 0.071875 0.959375 0.1015625 0.0625
3 0.0828125 0.0625 0.13125 0.084375
4 0.778125 0.1296875 0.1546875 0.10625
3 0.55625 0.121875 0.16875 0.1046875