4 0.365625 0.190625 0.2703125 0.2015625
3 0.6203125 0.21875 0.296875 0.2140625
4 0.634375 0.353125 0.3203125 0.2234375
4 0.35 0.346875 0.2875 0.2171875
4 0.3359375 0.4875 0.3125 0.215625
4 0.615625 0.5078125 0.284375 0.209375
4 0.6046875 0.65625 0.296875 0.2140625
3 0.325 0.640625 0.2984375 0.2125
3 0.584375 0.803125 0.275 0.2015625
4 0.3078125 0.796875 0.29375 0.2140625
3 0.371875 0.0734375 0.2890625 0.146875
3 0.634375 0.0875 0.29375 0.175
3 0.31875 0.9125 0.2703125 0.1703125
4 0.59375 0.9265625 0.2984375 0.146875