4 0.2296875 0.19375 0.2703125 0.1890625
3 0.496875 0.15625 0.2953125 0.1984375
4 0.546875 0.2875 0.31875 0.209375
4 0.25625 0.35625 0.2859375 0.2015625
4 0.278125 0.503125 0.315625 0.2015625
4 0.56875 0.4484375 0.2828125 0.196875
4 0.5984375 0.6 0.2953125 0.1984375
3 0.3109375 0.6625 0.296875 0.2
3 0.6171875 0.75625 0.275 0.190625
4 0.3359375 0.825 0.2921875 0.1984375
3 0.203125 0.084375 0.265625 0.1140625
3 0.478125 0.05 0.28125 0.0984375
3 0.378125 0.93125 0.2796875 0.1375
4 0.6671875 0.90546875 0.3 0.1890625