4 0.5703125 0.028125 0.0484375 0.0515625
3 0.98125 0.31875 0.0375 0.1140625
3 0.171875 0.215625 0.1078125 0.0796875
4 0.753125 0.3265625 0.1328125 0.059375
4 0.3 0.3 0.1 0.075
3 0.9875 0.4140625 0.0234375 0.075
4 0.590625 0.36875 0.10625 0.109375
4 0.159375 0.3046875 0.1359375 0.1109375
4 0.7625 0.459375 0.1078125 0.10625
3 0.2890625 0.4 0.09375 0.0984375
3 0.596875 0.490625 0.0953125 0.1125
4 0.128125 0.4296875 0.1 0.0828125
4 0.96484375 0.1171875 0.0703125 0.065625
3 0.31875 0.028125 0.0734375 0.0546875
3 0.7875 0.5828125 0.0890625 0.078125
4 0.29375 0.5203125 0.128125 0.11875
3 0.734375 0.0828125 0.0875 0.0796875
3 0.6171875 0.621875 0.0953125 0.096875
4 0.1390625 0.5671875 0.0984375 0.090625
3 0.76875 0.6765625 0.0734375 0.053125
4 0.271875 0.653125 0.1203125 0.090625
3 0.625 0.721875 0.0890625 0.096875
4 0.7484375 0.0375 0.0078125 0.0109375
4 0.171875 0.025 0.1265625 0.0484375
3 0.609375 0.084375 0.084375 0.08125
4 0.803125 0.79375 0.128125 0.11875
4 0.10625 0.69375 0.1 0.0984375
4 0.2671875 0.8046875 0.1328125 0.11875
3 0.625 0.875 0.128125 0.11875
4 0.80234375 0.95234375 0.1328125 0.0953125
4 0.08125 0.859375 0.103125 0.0859375
3 0.21875 0.915625 0.071875 0.0984375
4 0.65625 0.975 0.1109375 0.05
4 0.3125 0.084375 0.0953125 0.0953125
3 0.746875 0.1609375 0.103125 0.0859375
3 0.959375 0.21875 0.0796875 0.0640625
4 0.18125 0.1015625 0.13125 0.103125
3 0.5953125 0.16875 0.084375 0.09375
3 0.7359375 0.2265625 0.121875 0.0515625
4 0.615625 0.24375 0.0625 0.059375
4 0.33125 0.2 0.0828125 0.0828125