4 0.50859375 0.96171875 0.0890625 0.0765625
4 0.071875 0.253125 0.14375 0.290625
4 0.3875 0.221875 0.1546875 0.3328125
4 0.23125 0.278125 0.1296875 0.2703125
4 0.3125 0.2546875 0.1296875 0.253125
4 0.5484375 0.2 0.165625 0.3203125
4 0.1671875 0.30625 0.1375 0.290625
4 0.475 0.228125 0.1703125 0.334375
4 0.040625 0.3625 0.0796875 0.2796875
4 0.65 0.209375 0.1609375 0.334375
4 0.725 0.196875 0.1609375 0.3125
4 0.815625 0.184375 0.1734375 0.3375
4 0.04375 0.6109375 0.0859375 0.28125
4 0.1625 0.590625 0.1390625 0.2859375
3 0.096875 0.609375 0.1328125 0.2671875
4 0.3796875 0.540625 0.134375 0.2890625
3 0.234375 0.5921875 0.11875 0.2625
4 0.2953125 0.584375 0.1375 0.28125
4 0.465625 0.5515625 0.1390625 0.3125
4 0.5515625 0.5390625 0.15 0.303125
4 0.640625 0.528125 0.15625 0.3296875
4 0.715625 0.525 0.146875 0.2859375
4 0.871875 0.4828125 0.1515625 0.29375
4 0.803125 0.509375 0.1515625 0.3140625