4 0.565625 0.8666666666666667 0.125 0.20555555555555555
4 0.60625 0.7194444444444444 0.115625 0.18611111111111112
4 0.634375 0.6222222222222222 0.103125 0.1388888888888889
4 0.653125 0.5222222222222223 0.1 0.14722222222222223
4 0.675 0.45 0.084375 0.11944444444444445
4 0.690625 0.375 0.0828125 0.10833333333333334
3 0.70625 0.3194444444444444 0.08125 0.09722222222222222
4 0.7234375 0.2722222222222222 0.08125 0.08333333333333333
4 0.734375 0.22777777777777777 0.065625 0.07222222222222222
4 0.4375 0.8666666666666667 0.1390625 0.16944444444444445
3 0.5765625 0.4361111111111111 0.0921875 0.09166666666666666
4 0.6 0.375 0.090625 0.07777777777777778
4 0.6203125 0.3138888888888889 0.090625 0.07777777777777778
4 0.6359375 0.2638888888888889 0.084375 0.06111111111111111
4 0.6578125 0.2222222222222222 0.0671875 0.05
4 0.3125 0.4 0.059375 0.10555555555555556
4 0.35 0.3416666666666667 0.0609375 0.09166666666666666
4 0.3875 0.29444444444444445 0.059375 0.09166666666666666
3 0.415625 0.24444444444444444 0.0578125 0.075
4 0.44375 0.20555555555555555 0.059375 0.07777777777777778
4 0.46875 0.17222222222222222 0.05625 0.06944444444444445
4 0.1796875 0.4444444444444444 0.0640625 0.12222222222222222
4 0.228125 0.3861111111111111 0.0640625 0.1
4 0.2765625 0.33055555555555555 0.0578125 0.09444444444444444
4 0.3125 0.2777777777777778 0.053125 0.08055555555555556
4 0.346875 0.2361111111111111 0.0546875 0.08333333333333333
4 0.3796875 0.20277777777777778 0.05625 0.07777777777777778
4 0.4078125 0.17222222222222222 0.0484375 0.06944444444444445