4 0.540625 0.8194444444444444 0.1296875 0.17777777777777778
3 0.4828125 0.6777777777777778 0.11875 0.1388888888888889
3 0.4359375 0.5722222222222222 0.1046875 0.125
4 0.3984375 0.4777777777777778 0.0984375 0.11388888888888889
3 0.3640625 0.39444444444444443 0.090625 0.08888888888888889
3 0.34375 0.3194444444444444 0.0875 0.08888888888888889
3 0.309375 0.25555555555555554 0.0828125 0.075
3 0.284375 0.19444444444444445 0.075 0.07777777777777778
4 0.271875 0.15 0.071875 0.06388888888888888
4 0.25 0.10277777777777777 0.0671875 0.06388888888888888
4 0.6234375 0.7277777777777777 0.1046875 0.12777777777777777
3 0.55 0.6111111111111112 0.1109375 0.12222222222222222
3 0.51875 0.5055555555555555 0.09375 0.10833333333333334
3 0.475 0.4166666666666667 0.1015625 0.09722222222222222
3 0.44375 0.3416666666666667 0.0953125 0.08333333333333333
3 0.415625 0.2722222222222222 0.090625 0.08055555555555556
3 0.3859375 0.21666666666666667 0.0765625 0.06666666666666667
3 0.359375 0.16111111111111112 0.0859375 0.075
3 0.334375 0.11666666666666667 0.06875 0.05555555555555555
3 0.3078125 0.07777777777777778 0.06875 0.05555555555555555
4 0.884375 0.5277777777777778 0.0765625 0.1111111111111111
3 0.815625 0.43333333333333335 0.0625 0.1111111111111111
3 0.7609375 0.36666666666666664 0.0609375 0.11666666666666667
3 0.70625 0.30277777777777776 0.0640625 0.09722222222222222
3 0.6578125 0.2388888888888889 0.0640625 0.09444444444444444
3 0.621875 0.19166666666666668 0.05625 0.09444444444444444
3 0.5828125 0.1388888888888889 0.0578125 0.08055555555555556
3 0.553125 0.10555555555555556 0.0578125 0.08333333333333333
3 0.5203125 0.06111111111111111 0.0578125 0.09166666666666666
4 0.9375 0.45555555555555555 0.09375 0.09722222222222222
4 0.871875 0.36666666666666664 0.08125 0.08888888888888889
4 0.81875 0.29444444444444445 0.0875 0.075
4 0.7640625 0.23055555555555557 0.078125 0.06944444444444445
3 0.7125 0.17777777777777778 0.06875 0.06111111111111111
3 0.678125 0.12777777777777777 0.075 0.06666666666666667
3 0.6390625 0.08888888888888889 0.0609375 0.05555555555555555
3 0.60625 0.044444444444444446 0.06875 0.05555555555555555
3 0.9 0.1638888888888889 0.0453125 0.09444444444444444
3 0.85 0.11666666666666667 0.046875 0.07777777777777778
3 0.80625 0.08333333333333333 0.05 0.075