3 0.3875 0.6055555555555555 0.234375 0.30833333333333335
3 0.325 0.22777777777777777 0.1015625 0.05
3 0.2234375 0.22777777777777777 0.10625 0.05
3 0.878125 0.2 0.096875 0.04722222222222222
3 0.415625 0.2222222222222222 0.09375 0.05277777777777778
3 0.6 0.21666666666666667 0.1046875 0.05277777777777778
3 0.1546875 0.6083333333333333 0.2359375 0.3055555555555556
3 0.5078125 0.21944444444444444 0.09375 0.04722222222222222
4 0.859375 0.5472222222222223 0.28125 0.3
4 0.6 0.1111111111111111 0.0640625 0.058333333333333334
3 0.9640625 0.19722222222222222 0.071875 0.041666666666666664
4 0.6640625 0.10555555555555556 0.0625 0.06666666666666667
3 0.146875 0.30277777777777776 0.2828125 0.06388888888888888
3 0.6921875 0.20833333333333334 0.096875 0.05277777777777778
3 0.784375 0.2 0.0875 0.058333333333333334
4 0.609375 0.5694444444444444 0.2234375 0.32222222222222224