3 0.59375 0.4361111111111111 0.3984375 0.12777777777777777
3 0.7453125 0.2916666666666667 0.1484375 0.1
3 0.225 0.4166666666666667 0.3375 0.13055555555555556
4 0.60625 0.26666666666666666 0.128125 0.14166666666666666
4 0.2640625 0.24722222222222223 0.1265625 0.16111111111111112
4 0.4734375 0.2638888888888889 0.1375 0.13333333333333333
3 0.8953125 0.29444444444444445 0.159375 0.10833333333333334
3 0.5421875 0.12777777777777777 0.0796875 0.06388888888888888
4 0.46875 0.1111111111111111 0.075 0.09722222222222222
4 0.3953125 0.10833333333333334 0.075 0.1
4 0.1203125 0.2388888888888889 0.121875 0.1638888888888889
3 0.6171875 0.13055555555555556 0.078125 0.058333333333333334
3 0.69375 0.125 0.0859375 0.06388888888888888
3 0.775 0.125 0.0890625 0.06388888888888888
3 0.859375 0.125 0.0890625 0.06666666666666667