3 0.7734375 0.25277777777777777 0.146875 0.10277777777777777
3 0.809375 0.08333333333333333 0.0796875 0.06388888888888888
3 0.8953125 0.08055555555555556 0.0921875 0.06388888888888888
4 0.634375 0.21944444444444444 0.1359375 0.14166666666666666
3 0.9234375 0.25833333333333336 0.1515625 0.10833333333333334
3 0.728125 0.08333333333333333 0.084375 0.06111111111111111
4 0.5 0.21388888888888888 0.128125 0.14722222222222223
3 0.6484375 0.08611111111111111 0.078125 0.058333333333333334
3 0.571875 0.08611111111111111 0.0765625 0.06388888888888888
4 0.496875 0.06944444444444445 0.075 0.08333333333333333
4 0.421875 0.07222222222222222 0.06875 0.08611111111111111
3 0.2484375 0.38055555555555554 0.34375 0.1388888888888889
3 0.6203125 0.3972222222222222 0.396875 0.1361111111111111
4 0.290625 0.20277777777777778 0.1234375 0.14444444444444443