4 0.2421875 0.675 0.2640625 0.38333333333333336
3 0.490625 0.6805555555555556 0.2296875 0.375
3 0.7125 0.6833333333333333 0.215625 0.36944444444444446
4 0.9109375 0.6694444444444444 0.1765625 0.4166666666666667
4 0.3046875 0.2361111111111111 0.10625 0.09722222222222222
3 0.409375 0.25555555555555554 0.1046875 0.06111111111111111
3 0.5 0.3388888888888889 0.2640625 0.05277777777777778
3 0.5046875 0.25833333333333336 0.0921875 0.05277777777777778
3 0.596875 0.2611111111111111 0.09375 0.05
3 0.6953125 0.25277777777777777 0.1 0.05555555555555555
3 0.7921875 0.25 0.0921875 0.05277777777777778
4 0.90625 0.21666666666666667 0.121875 0.12222222222222222
4 0.75625 0.1361111111111111 0.065625 0.06388888888888888
3 0.6890625 0.14444444444444443 0.0625 0.04722222222222222
3 0.50625 0.15833333333333333 0.0640625 0.041666666666666664
3 0.4453125 0.16111111111111112 0.0625 0.03888888888888889
3 0.38125 0.16111111111111112 0.065625 0.03611111111111111
3 0.76875 0.3333333333333333 0.271875 0.06666666666666667
3 0.5671875 0.15555555555555556 0.0609375 0.03888888888888889