3 0.4328125 0.625 0.2328125 0.2722222222222222
3 0.478125 0.31666666666666665 0.096875 0.04722222222222222
3 0.2046875 0.6027777777777777 0.23125 0.2611111111111111
3 0.2984375 0.2916666666666667 0.09375 0.04722222222222222
3 0.659375 0.33611111111111114 0.1 0.044444444444444446
3 0.390625 0.30277777777777776 0.0953125 0.04722222222222222
3 0.7546875 0.3416666666666667 0.0984375 0.05
4 0.665625 0.24444444444444444 0.05625 0.06388888888888888
3 0.5671875 0.325 0.0890625 0.041666666666666664
4 0.7265625 0.25277777777777777 0.0625 0.06388888888888888
4 0.8890625 0.65 0.2203125 0.3194444444444444
4 0.6640625 0.6416666666666667 0.2359375 0.3055555555555556