4 0.9078125 0.2111111111111111 0.115625 0.10277777777777777
4 0.3 0.2111111111111111 0.109375 0.09722222222222222
3 0.40625 0.23333333333333334 0.1046875 0.06388888888888888
3 0.5 0.23333333333333334 0.096875 0.06666666666666667
3 0.59375 0.23333333333333334 0.0984375 0.06388888888888888
3 0.6859375 0.23333333333333334 0.090625 0.058333333333333334
3 0.7796875 0.23055555555555557 0.0921875 0.058333333333333334
4 0.7515625 0.11666666666666667 0.0734375 0.06666666666666667
3 0.684375 0.12777777777777777 0.0640625 0.05555555555555555
3 0.5609375 0.13333333333333333 0.0640625 0.044444444444444446
3 0.440625 0.13333333333333333 0.065625 0.044444444444444446
3 0.3765625 0.13333333333333333 0.0640625 0.044444444444444446
3 0.490625 0.6694444444444444 0.2375 0.37222222222222223
3 0.709375 0.6666666666666666 0.2 0.37222222222222223
4 0.90625 0.625 0.1875 0.4305555555555556
4 0.2421875 0.6444444444444445 0.2578125 0.4027777777777778
3 0.4953125 0.31666666666666665 0.2734375 0.06388888888888888
3 0.7671875 0.3138888888888889 0.290625 0.06944444444444445