3 0.603125 0.44166666666666665 0.3984375 0.12777777777777777
3 0.753125 0.29444444444444445 0.1453125 0.10277777777777777
3 0.2328125 0.42777777777777776 0.3375 0.13055555555555556
4 0.6203125 0.275 0.1296875 0.1361111111111111
4 0.278125 0.24722222222222223 0.1265625 0.16111111111111112
4 0.4890625 0.2722222222222222 0.1359375 0.1361111111111111
3 0.9 0.30277777777777776 0.1515625 0.1111111111111111
3 0.5546875 0.1388888888888889 0.0796875 0.06388888888888888
4 0.4828125 0.11666666666666667 0.075 0.09722222222222222
4 0.409375 0.11388888888888889 0.075 0.1
3 0.628125 0.1388888888888889 0.08125 0.058333333333333334
3 0.7078125 0.1361111111111111 0.0859375 0.06388888888888888
3 0.7890625 0.1361111111111111 0.0890625 0.06388888888888888
3 0.8765625 0.1361111111111111 0.0890625 0.06666666666666667