3 0.6015625 0.4222222222222222 0.3984375 0.1111111111111111
3 0.746875 0.29444444444444445 0.1484375 0.1
3 0.23125 0.40555555555555556 0.3375 0.13055555555555556
4 0.60625 0.275 0.134375 0.13055555555555556
4 0.265625 0.24166666666666667 0.1265625 0.16111111111111112
4 0.4734375 0.26944444444444443 0.1375 0.13055555555555556
3 0.8984375 0.2972222222222222 0.159375 0.10833333333333334
3 0.54375 0.13055555555555556 0.0796875 0.06388888888888888
4 0.471875 0.11388888888888889 0.075 0.09722222222222222
4 0.3984375 0.10833333333333334 0.075 0.1
4 0.121875 0.2361111111111111 0.121875 0.1638888888888889
3 0.61875 0.13333333333333333 0.078125 0.058333333333333334
3 0.696875 0.13055555555555556 0.0859375 0.06388888888888888
3 0.7796875 0.12777777777777777 0.0921875 0.06388888888888888
3 0.865625 0.12777777777777777 0.0890625 0.06666666666666667