4 0.2546875 0.6777777777777778 0.2625 0.3861111111111111
3 0.50625 0.6777777777777778 0.2296875 0.375
3 0.728125 0.6805555555555556 0.215625 0.36944444444444446
4 0.915625 0.6722222222222223 0.1671875 0.4027777777777778
4 0.321875 0.24166666666666667 0.1015625 0.09722222222222222
3 0.425 0.25555555555555554 0.1046875 0.06111111111111111
3 0.515625 0.3388888888888889 0.2640625 0.05277777777777778
3 0.5203125 0.25555555555555554 0.0921875 0.05277777777777778
3 0.6125 0.25277777777777777 0.09375 0.05
3 0.709375 0.24166666666666667 0.1 0.05555555555555555
3 0.8078125 0.2388888888888889 0.0921875 0.05277777777777778
4 0.9328125 0.2 0.1234375 0.12222222222222222
4 0.771875 0.12222222222222222 0.065625 0.06388888888888888
3 0.7078125 0.1388888888888889 0.0625 0.04722222222222222
3 0.521875 0.15833333333333333 0.0625 0.03888888888888889
3 0.4609375 0.1638888888888889 0.0609375 0.03888888888888889
3 0.3984375 0.16666666666666666 0.065625 0.03611111111111111
3 0.784375 0.3277777777777778 0.271875 0.06666666666666667
3 0.58125 0.1527777777777778 0.0609375 0.03888888888888889