4 0.121875 0.23055555555555557 0.115625 0.17222222222222222
4 0.265625 0.24166666666666667 0.125 0.15833333333333333
4 0.478125 0.25555555555555554 0.13125 0.14166666666666666
4 0.6078125 0.2611111111111111 0.1265625 0.15555555555555556
4 0.396875 0.11388888888888889 0.0734375 0.09166666666666666
4 0.4703125 0.11388888888888889 0.0734375 0.08888888888888889
3 0.5453125 0.13055555555555556 0.075 0.05555555555555555
3 0.6203125 0.13055555555555556 0.0765625 0.06111111111111111
3 0.6953125 0.12777777777777777 0.078125 0.06388888888888888
3 0.7765625 0.12777777777777777 0.0828125 0.06111111111111111
3 0.859375 0.125 0.0796875 0.06666666666666667
3 0.740625 0.2833333333333333 0.1390625 0.1111111111111111
3 0.8859375 0.2916666666666667 0.1515625 0.11666666666666667
3 0.5796875 0.4444444444444444 0.41875 0.12777777777777777
3 0.40442729999999993 0.8823388444444444 0.10570271875 0.8245141694444444 0.006263139062500001 1 0.3762194625 0.9922319555555555 0.40442729999999993 0.8823388444444444
3 0.7559400265625 0.9421052249999999 0.397369384375 0.8731252805555556 0.374049603125 0.9787363555555555 0.7548550578125 0.9845202027777779 0.7559400265625 0.9421052249999999