4 0.121875 0.23055555555555557 0.115625 0.17222222222222222
4 0.265625 0.24166666666666667 0.125 0.15833333333333333
4 0.478125 0.25555555555555554 0.13125 0.14166666666666666
4 0.6078125 0.2611111111111111 0.1265625 0.15555555555555556
4 0.396875 0.11388888888888889 0.0734375 0.09166666666666666
4 0.4703125 0.11388888888888889 0.0734375 0.08888888888888889
3 0.546875 0.13055555555555556 0.075 0.05555555555555555
3 0.6203125 0.13055555555555556 0.0765625 0.06111111111111111
3 0.696875 0.12777777777777777 0.078125 0.06388888888888888
3 0.778125 0.12777777777777777 0.0828125 0.06111111111111111
3 0.8625 0.125 0.0796875 0.06666666666666667
3 0.7421875 0.2833333333333333 0.1390625 0.1111111111111111
3 0.8921875 0.28888888888888886 0.1515625 0.11666666666666667
3 0.5796875 0.4444444444444444 0.41875 0.12777777777777777
3 0.21875 0.41944444444444445 0.3578125 0.1111111111111111