3 0.546875 0.18611111111111112 0.1015625 0.06111111111111111
3 0.45 0.19444444444444445 0.1 0.058333333333333334
3 0.646875 0.18333333333333332 0.103125 0.058333333333333334
3 0.7515625 0.17222222222222222 0.115625 0.06111111111111111
4 0.3453125 0.18611111111111112 0.10625 0.08888888888888889
4 0.8078125 0.03888888888888889 0.0703125 0.06944444444444445
3 0.559375 0.6611111111111111 0.2609375 0.3861111111111111
3 0.853125 0.1638888888888889 0.1046875 0.06111111111111111
3 0.4796875 0.08333333333333333 0.0703125 0.04722222222222222
3 0.4171875 0.08888888888888889 0.06875 0.03888888888888889
4 0.953125 0.11666666666666667 0.0921875 0.125
3 0.359375 0.08888888888888889 0.0625 0.03611111111111111
3 0.546875 0.07777777777777778 0.0703125 0.04722222222222222
3 0.7375 0.058333333333333334 0.06875 0.05
3 0.553125 0.275 0.2890625 0.07777777777777778
3 0.8375 0.25277777777777777 0.3015625 0.08611111111111111
3 0.7984375 0.6416666666666667 0.2296875 0.4166666666666667
4 0.3 0.65 0.2734375 0.3972222222222222