4 0.2375 0.6694444444444444 0.2625 0.3861111111111111
3 0.4875 0.6805555555555556 0.2296875 0.375
3 0.7125 0.6833333333333333 0.215625 0.36944444444444446
4 0.9109375 0.6666666666666666 0.1765625 0.4166666666666667
4 0.303125 0.2361111111111111 0.1015625 0.09722222222222222
3 0.4078125 0.25 0.1046875 0.06111111111111111
3 0.5 0.3388888888888889 0.2640625 0.05277777777777778
3 0.5015625 0.25277777777777777 0.0921875 0.05277777777777778
3 0.59375 0.25277777777777777 0.09375 0.05
3 0.69375 0.24444444444444444 0.1 0.05555555555555555
3 0.7890625 0.24722222222222223 0.0921875 0.05277777777777778
4 0.90625 0.2111111111111111 0.121875 0.12222222222222222
4 0.7515625 0.13333333333333333 0.065625 0.06388888888888888
3 0.6890625 0.14444444444444443 0.0625 0.04722222222222222
3 0.503125 0.15 0.0625 0.03888888888888889
3 0.44375 0.15555555555555556 0.0609375 0.03888888888888889
3 0.38125 0.15833333333333333 0.065625 0.03611111111111111
3 0.76875 0.325 0.271875 0.06666666666666667
3 0.5640625 0.15 0.0609375 0.03888888888888889