3 0.2875 0.33611111111111114 0.1078125 0.05555555555555555
3 0.3484375 0.75 0.2359375 0.325
3 0.1875 0.3527777777777778 0.1078125 0.05555555555555555
3 0.559375 0.2972222222222222 0.1015625 0.05277777777777778
3 0.3796875 0.33055555555555555 0.0953125 0.05277777777777778
3 0.74375 0.26944444444444443 0.096875 0.05555555555555555
3 0.8296875 0.25833333333333336 0.096875 0.04722222222222222
3 0.2578125 0.24444444444444444 0.075 0.03611111111111111
3 0.6484375 0.2861111111111111 0.0921875 0.05555555555555555
4 0.615625 0.18055555555555555 0.0546875 0.06388888888888888
4 0.5578125 0.18888888888888888 0.0578125 0.06111111111111111
3 0.190625 0.25277777777777777 0.0765625 0.03611111111111111
3 0.4671875 0.30833333333333335 0.0890625 0.04722222222222222
3 0.971875 0.23055555555555557 0.0546875 0.05
3 0.321875 0.2361111111111111 0.071875 0.03333333333333333
4 0.80625 0.6361111111111111 0.2734375 0.33055555555555555
4 0.5671875 0.6833333333333333 0.2109375 0.3111111111111111
3 0.3828125 0.225 0.0609375 0.04722222222222222
3 0.44375 0.21388888888888888 0.0640625 0.05
3 0.5015625 0.2111111111111111 0.059375 0.05277777777777778
3 0.13125 0.7888888888888889 0.2515625 0.3472222222222222