3 0.35625 0.6694444444444444 0.2375 0.325
3 0.11875 0.6583333333333333 0.2375 0.3416666666666667
4 0.5765625 0.6444444444444445 0.2140625 0.3888888888888889
4 0.8234375 0.6666666666666666 0.2734375 0.37222222222222223
4 0.6015625 0.17777777777777778 0.05625 0.07777777777777778
4 0.6609375 0.19444444444444445 0.059375 0.06666666666666667
3 0.3234375 0.2638888888888889 0.0890625 0.06111111111111111
3 0.2265625 0.25 0.1 0.06388888888888888
3 0.4125 0.2722222222222222 0.0953125 0.06388888888888888
3 0.5 0.2777777777777778 0.0890625 0.06666666666666667
3 0.5921875 0.2861111111111111 0.09375 0.05555555555555555
3 0.6859375 0.2972222222222222 0.0859375 0.058333333333333334
3 0.778125 0.3055555555555556 0.090625 0.058333333333333334
3 0.8640625 0.3194444444444444 0.0828125 0.05
3 0.3 0.16666666666666666 0.06875 0.044444444444444446
3 0.3625 0.17777777777777778 0.065625 0.03611111111111111
3 0.4828125 0.18888888888888888 0.0640625 0.044444444444444446