4 0.5 0.115625 0.184375 0.23125
4 0.340625 0.1140625 0.184375 0.21875
4 0.1796875 0.1125 0.2 0.19375
4 0.9234375 0.15625 0.125 0.3109375
4 0.81875 0.1546875 0.2046875 0.309375
4 0.65859375 0.140625 0.2078125 0.28125
3 0.0609375 0.11875 0.121875 0.1828125
4 0.546875 0.4046875 0.3390625 0.2921875
4 0.925 0.7125 0.15 0.3921875
4 0.0953125 0.6109375 0.190625 0.390625
4 0.4359375 0.6625 0.2484375 0.4
4 0.79375 0.721875 0.246875 0.375
4 0.24375 0.659375 0.240625 0.3640625
3 0.60625 0.70625 0.225 0.3421875