4 0.93046875 0.275 0.1390625 0.384375
4 0.8515625 0.2703125 0.15 0.35625
4 0.503125 0.2640625 0.1484375 0.34375
4 0.415625 0.265625 0.146875 0.3703125
4 0.3265625 0.2625 0.14375 0.3703125
4 0.240625 0.265625 0.15 0.3484375
4 0.06875 0.26875 0.134375 0.365625
4 0.18125 0.70625 0.1453125 0.34375
4 0.090625 0.69375 0.1484375 0.3546875
3 0.7703125 0.265625 0.146875 0.3421875
3 0.678125 0.259375 0.15625 0.35625
3 0.584375 0.2609375 0.1546875 0.35
3 0.153125 0.259375 0.1484375 0.365625
3 0.9484375 0.725 0.1 0.3375
3 0.88125 0.715625 0.1578125 0.3640625
3 0.7875 0.7046875 0.1515625 0.371875
3 0.703125 0.7125 0.1484375 0.3703125
3 0.61875 0.70625 0.1515625 0.3515625
3 0.53125 0.703125 0.1484375 0.3484375
3 0.44375 0.7078125 0.14375 0.3625
3 0.3546875 0.7125 0.15 0.35625
3 0.2625 0.7046875 0.1578125 0.35625
3 0.040625 0.70625 0.0796875 0.35