4 0.93125 0.215625 0.121875 0.384375
4 0.596875 0.2765625 0.1515625 0.3875
4 0.475 0.296875 0.1484375 0.3609375
4 0.728125 0.271875 0.1453125 0.3984375
4 0.225 0.33125 0.1640625 0.3625
4 0.3546875 0.3203125 0.15 0.346875
4 0.846875 0.275 0.153125 0.359375
3 0.2640625 0.7015625 0.146875 0.365625
3 0.6390625 0.6671875 0.146875 0.3625
3 0.515625 0.68125 0.14375 0.3703125
3 0.390625 0.7 0.1578125 0.371875
3 0.771875 0.6703125 0.1484375 0.3875
3 0.959375 0.6546875 0.08125 0.396875
3 0.8875 0.66875 0.1515625 0.3921875