4 0.13166287968749998 0.66908305 0.036844871875000004 0.6763014666666667 0.0544788453125 0.8310372333333333 0.15212126875 0.8194691194444446 0.13166287968749998 0.66908305
4 0.22453090156250002 0.6630756055555556 0.12236348749999999 0.6707356027777778 0.15305110625 0.8178164444444445 0.2525534078125 0.8112061138888889 0.22453090156250002 0.6630756055555556
4 0.319396971875 0.6749803666666666 0.22279569375000002 0.6740408277777777 0.25441321875 0.8178164444444445 0.3483359546875 0.8128586666666666 0.319396971875 0.6749803666666666
4 0.4120309015625 0.6630756055555556 0.31578845625 0.6740408277777777 0.346476075 0.8194689972222223 0.44225862187500004 0.8260794527777777 0.4120309015625 0.6630756055555556
4 0.5024326875 0.6591073527777778 0.4097111921875 0.6641252694444444 0.43946883750000004 0.8260794527777777 0.5352514515625 0.8112061138888889 0.5024326875 0.6591073527777778
4 0.5906023296875 0.6710121138888888 0.500844075 0.6657778222222223 0.529671884375 0.7979853250000001 0.6189449578125 0.7880697666666666 0.5906023296875 0.6710121138888888
4 0.6843523296875 0.6591073527777778 0.587327365625 0.6674304361111111 0.62080476875 0.7781542055555556 0.7110078140625 0.7698912000000001 0.6843523296875 0.6591073527777778
4 0.7781023296875 0.657123225 0.6812500328125 0.6591674888888889 0.719377165625 0.7880697666666666 0.803070671875 0.7748489805555555 0.7781023296875 0.657123225
4 0.8673880437499999 0.6472025888888889 0.7742428625 0.6558622611111111 0.812369859375 0.7715437527777778 0.8969933390625 0.7698912000000001 0.8673880437499999 0.6472025888888889
4 0.9410487578125 0.6472025888888889 0.8681656671875 0.6475993166666666 0.9100124203125001 0.7979853250000001 0.9834766281249999 0.7665859722222222 0.9410487578125 0.6472025888888889
4 0.054888043750000004 0.8376787805555556 0.0795867609375 0.9962965222222222 0.1790890625 0.9863809611111112 0.1521212 0.8277320055555555 0.054888043750000004 0.8376787805555556
4 0.2525534078125 0.837647563888889 0.15119122812500002 0.834342338888889 0.17722925312499999 0.9814231805555556 0.2813811484375 0.9814231805555556 0.2525534078125 0.837647563888889
4 0.350646971875 0.8337105277777778 0.24883365156249998 0.837647563888889 0.27952127031249996 0.9764654027777777 0.37809360000000003 0.9748128500000001 0.350646971875 0.8337105277777778
4 0.44551304375 0.8317264000000001 0.3483359546875 0.834342338888889 0.3808833828125 0.9814231805555556 0.48131559062499996 0.9781179555555555 0.44551304375 0.8317264000000001
4 0.5454806125 0.8194689972222223 0.44411849999999997 0.8260794527777777 0.47945578125 0.9797706277777778 0.5798879875 0.9814231805555556 0.5454806125 0.8194689972222223
4 0.63301304375 0.8099010027777779 0.5333915734375 0.8161638916666667 0.5780280421875 0.9797706277777778 0.675670465625 0.9814231805555556 0.63301304375 0.8099010027777779
4 0.7296063265625 0.8178164444444445 0.728676353125 0.8260794527777777 0.727879115625 0.8158533833333333 0.6310339296875 0.8178164444444445 0.6775304125 0.9863809611111112 0.772383053125 0.9715076222222223 0.7296063265625 0.8178164444444445
4 0.8227451875 0.8337105277777778 0.728676353125 0.8277320055555555 0.76959326875 0.9748128500000001 0.8663057203125 0.9648972888888889 0.8227451875 0.8337105277777778
4 0.9220755437499999 0.8198216388888888 0.8263187765625 0.8128586666666666 0.8663057203125 0.9748128500000001 0.9630183078125001 0.9665498416666667 0.9220755437499999 0.8198216388888888
4 0.9983555203125001 0.8128586666666666 0.9100124203125001 0.8161638916666667 0.9630183078125001 0.9781179555555555 1 0.9533290555555556 0.9983555203125001 0.8128586666666666
4 0 0.3517851361111111 0.007656293749999999 0.507645538888889 0.099502303125 0.5120866444444444 0.08369350625000001 0.3683110277777778 0 0.3517851361111111
4 0.23674461249999998 0.23940881111111112 0.1519862578125 0.24640893888888887 0.17164968593750002 0.3716162555555555 0.2534833140625 0.3765740361111111 0.23674461249999998 0.23940881111111112
4 0.42180023125000005 0.3600480833333333 0.3394862578125 0.36347243055555556 0.3650746546875 0.48895035833333333 0.45155794531250004 0.48895035833333333 0.42180023125000005 0.3600480833333333
4 0.5068969734375 0.37736131944444445 0.42644989375 0.3699636416666667 0.4534177546875 0.49060297222222227 0.5371112625000001 0.48895035833333333 0.5068969734375 0.37736131944444445
4 0.587254115625 0.3753771944444444 0.5082835218749999 0.3749214222222222 0.53618135625 0.4872978055555556 0.621734740625 0.49060297222222227 0.587254115625 0.3753771944444444
4 0.6676112578125 0.37339306666666666 0.5817477984375 0.37326886944444443 0.621734740625 0.49060297222222227 0.7054282484375001 0.4922555861111111 0.6676112578125 0.37339306666666666
4 0.7568969734375 0.37339306666666666 0.6691610609375 0.3765740361111111 0.7054282484375001 0.49060297222222227 0.790051590625 0.49390813888888885 0.7568969734375 0.37339306666666666
4 0.845066615625 0.37736131944444445 0.7528545671875 0.37822665 0.792841375 0.5054763138888889 0.8765350171874999 0.48895035833333333 0.845066615625 0.37736131944444445
4 0.9176112578125 0.36744068611111114 0.8374779109375 0.37822665 0.8774648546874999 0.5005185333333333 0.95464895625 0.49390813888888885 0.9176112578125 0.36744068611111114
4 0.993504115625 0.3694248111111111 0.9239613375 0.3716162555555555 0.9509292 0.49886591944444447 1 0.48895035833333333 0.993504115625 0.3694248111111111
4 0.4738762140625 0.24767175833333333 0.389709471875 0.25434544722222224 0.4180805421875 0.35839553055555556 0.500844075 0.35509030277777776 0.4738762140625 0.24767175833333333
4 0.5593523296875 0.25434544722222224 0.4757360234375 0.2526295388888889 0.503633859375 0.3650058611111111 0.5817477984375 0.35839553055555556 0.5593523296875 0.25434544722222224
4 0.6296648296875 0.23847243055555556 0.5529200578125 0.24601914444444442 0.578958015625 0.35509030277777776 0.6542821703125 0.3484799694444444 0.6296648296875 0.23847243055555556
4 0.7100219734375 0.24244068611111114 0.6282441453125001 0.2410613666666667 0.6589317640625 0.35013252222222224 0.73890565 0.3517851361111111 0.7100219734375 0.24244068611111114
4 0.7956311578124999 0.22288285833333335 0.7026384640625001 0.23114580555555556 0.7556443515625 0.3749214222222222 0.8337582906250001 0.35674291666666663 0.7956311578124999 0.22288285833333335
4 0.8718852874999999 0.23940881111111112 0.8718523296875 0.24045655833333335 0.79656113125 0.2377562 0.8337582906250001 0.36170069722222226 0.90164306875 0.34186957777777777 0.8718852874999999 0.23940881111111112
4 0.9481394156249999 0.23445103333333334 0.8681656671875 0.2410613666666667 0.8988532859375 0.3402169638888889 0.9695277109375 0.3352591833333334 0.9481394156249999 0.23445103333333334
4 1 0.23445103333333334 0.9490693890624999 0.23445103333333334 0.978827034375 0.3369117972222222 1 0.34352218888888886 1 0.23445103333333334
4 0 0.12868504166666667 0.043319575 0.12703242777777776 0.03145054375 0.036091477777777776 0 0.011350908333333333 0 0.12868504166666667
4 0.12329339218749999 0.13860060000000002 0.108459471875 0.03807560555555555 0.025650968750000003 0.04770798055555556 0.04238966875 0.12537984444444444 0.12329339218749999 0.13860060000000002
4 0.183738725 0.03944500277777778 0.1062273296875 0.04005973333333333 0.1205036078125 0.12207464722222221 0.20140733125 0.130337625 0.183738725 0.03944500277777778
4 0.3362469140625 0.03944500277777778 0.2599927859375 0.044402783333333334 0.28045124375 0.12372726111111111 0.3594950875 0.12537984444444444 0.3362469140625 0.03944500277777778
4 0.41426304375 0.04601211388888889 0.33252715781250003 0.04605536666666667 0.3567053046875 0.1369479888888889 0.4320294609375 0.1336428222222222 0.41426304375 0.04601211388888889
4 0.4868076875 0.04601211388888889 0.4115710015625 0.04770798055555556 0.4338892703125 0.13199020833333333 0.5129331828125 0.13529540555555555 0.4868076875 0.04601211388888889
4 0.5571201875 0.051964494444444446 0.48410537500000006 0.05101314722222223 0.5082835218749999 0.14025324444444445 0.583607609375 0.1336428222222222 0.5571201875 0.051964494444444446
4 0.63301304375 0.04799624166666667 0.5557098421875 0.04936056388888889 0.583607609375 0.14190576666666666 0.6570719546875 0.14190576666666666 0.63301304375 0.04799624166666667
4 0.704441615625 0.051964494444444446 0.6328938749999999 0.04770798055555556 0.6598617375 0.14355838055555556 0.7314661359375 0.13860060000000002 0.704441615625 0.051964494444444446
4 0.7807524031249999 0.06258131944444444 0.7026384640625001 0.05101314722222223 0.7379756765625001 0.14686354722222222 0.8086502390625 0.15016880555555556 0.7807524031249999 0.06258131944444444
4 0.8506469718749999 0.049980366666666665 0.7751728359375 0.05266576111111111 0.803070671875 0.1336428222222222 0.8802546375 0.14025324444444445 0.8506469718749999 0.049980366666666665
4 0.9230313640625001 0.04605536666666667 0.84956701875 0.0427502 0.8839743953125 0.14686354722222222 0.9527890093750001 0.14355838055555556 0.9230313640625001 0.04605536666666667
4 0.9946357625 0.04109758611111111 0.993504115625 0.04204386111111111 0.9221013906250001 0.03944500277777778 0.9537189828124999 0.13860060000000002 1 0.12537984444444444 0.9946357625 0.04109758611111111
3 0.26278256875 0.04109758611111111 0.1821201875 0.04005973333333333 0.1967577375 0.130337625 0.278591365625 0.1336428222222222 0.26278256875 0.04109758611111111
3 0.0682809015625 0.24839306666666666 0 0.24767175833333333 0.0020052484375 0.35015789722222224 0.080516734375 0.3484799694444444 0.0682809015625 0.24839306666666666
3 0.1456116609375 0.25593470555555553 0.06381661562499999 0.25434544722222224 0.084236421875 0.3699636416666667 0.16514014531250001 0.35343775 0.1456116609375 0.25593470555555553
3 0.3111388625 0.25923993055555555 0.23680768749999997 0.2583137 0.24883365156249998 0.3683110888888889 0.33717682031249996 0.3683110888888889 0.3111388625 0.25923993055555555
3 0.39018270781250003 0.2625450972222222 0.3129986734375 0.2641977111111111 0.33717682031249996 0.3716162555555555 0.4143607859375 0.3484799694444444 0.39018270781250003 0.2625450972222222
3 0.3353169421875 0.3699636416666667 0.2535487578125 0.37736131944444445 0.28045124375 0.49721336666666666 0.36414475 0.49060297222222227 0.3353169421875 0.3699636416666667
3 0.256273096875 0.3798792027777778 0.1698434015625 0.3833137 0.190248196875 0.49886591944444447 0.27580158125 0.49721336666666666 0.256273096875 0.3798792027777778
3 0.10469481249999998 0.49721336666666666 0.1874584140625 0.49390813888888885 0.1688599015625 0.37822665 0.0839059015625 0.3793454472222222 0.0860963015625 0.3864895944444445 0.08237654375 0.3897947611111111 0.10469481249999998 0.49721336666666666