4 0.871364546875 0.22407287777777776 0.9058007484375 0.33458411666666665 0.9769282421875 0.33634076944444447 0.9391417609375001 0.2252324138888889 0.871364546875 0.22407287777777776
4 0.7958513484374999 0.22668369166666666 0.8347808234375 0.338688325 0.902944671875 0.3373708361111111 0.8634293984375001 0.22538415277777776 0.7958513484374999 0.22668369166666666
3 0.579733375 0.343198575 0.65663731875 0.3407456472222222 0.623185828125 0.23220355277777777 0.5506198109375 0.23027382777777777 0.54589863125 0.23027382777777777 0.579733375 0.343198575
4 0.6280318390625 0.23066744166666667 0.6609900421875 0.3388039666666666 0.7405145328125 0.3440739277777778 0.7042098734375 0.23076975277777778 0.6280318390625 0.23066744166666667
4 0.708160625 0.2295956861111111 0.7446215015625001 0.3468684861111111 0.82538084375 0.3464293222222222 0.787100421875 0.22917267777777775 0.708160625 0.2295956861111111
4 0.4704720359375 0.23179277222222222 0.5011646421875 0.3464671888888889 0.58013775 0.3440142611111111 0.5463413984375001 0.23179277222222222 0.4704720359375 0.23179277222222222
4 0.3863408078125 0.234084175 0.41649254999999996 0.3500067777777778 0.49856940468750005 0.3481670833333333 0.468566521875 0.23165296944444447 0.3863408078125 0.234084175
3 0.1413703609375 0.231974775 0.060098654687499996 0.23120195277777777 0.083340846875 0.37024353611111116 0.16659096874999998 0.36969525555555555 0.1413703609375 0.231974775
3 0.1418049703125 0.23274759444444446 0.16846098125 0.37280928888888887 0.2537807703125 0.3735116777777778 0.2291611890625 0.23429323611111108 0.1418049703125 0.23274759444444446
3 0.3060868140625 0.23352041666666667 0.3386033671875 0.3755996972222222 0.418611059375 0.3749864638888889 0.38388165625 0.23120195277777777 0.3060868140625 0.23352041666666667
3 0.22959579687499998 0.23352041666666667 0.25480220937500003 0.37437323333333333 0.337223925 0.3725335361111111 0.30391377343750003 0.23506605833333333 0.22959579687499998 0.23352041666666667
4 0.9084084578124999 0.347293575 0.8300521734374999 0.3488830722222222 0.8755323687500001 0.4987875722222222 0.9603738906249999 0.4994161805555556 0.9084084578124999 0.347293575
4 1 0.4863637555555555 0.9981859625 0.3498079972222222 0.9120572906250001 0.34636950555555557 0.9631888343749999 0.5057022361111111 1 0.5094426777777777 1 0.4863637555555555
4 0.580179975 0.35433926944444444 0.5034455859375 0.3554183472222222 0.539173240625 0.5020616333333333 0.6240147609375 0.4989186055555556 0.580179975 0.35433926944444444
4 0.8263949875 0.35672266111111106 0.7435226359375 0.3569264861111111 0.7935188984375 0.5025592083333333 0.8723508125 0.49627315 0.8263949875 0.35672266111111106
4 0.6606899687500001 0.3568536916666667 0.5837540453125001 0.35592106111111116 0.623571803125 0.4976613916666666 0.7084133234375 0.5039474500000001 0.6606899687500001 0.3568536916666667
3 0.6643452812499999 0.3589373416666667 0.7105343609375 0.5045760555555555 0.79184081875 0.5039474500000001 0.7405824 0.3574822972222222 0.6643452812499999 0.3589373416666667
4 0.4211021234375 0.3568536916666667 0.42483378437499997 0.37804044722222224 0.45645275781250005 0.5083476916666666 0.5381127218749999 0.5039474500000001 0.4999340375 0.35496787500000004 0.4211021234375 0.3568536916666667
4 0.0834253921875 0.3670921083333333 0.0003961515625 0.3647069222222222 0.014671228125 0.5096872138888888 0.10240626875 0.5086401611111111 0.0834253921875 0.3670921083333333
3 0.17071005781249998 0.3767116861111111 0.0863682640625 0.3734606916666667 0.1059392234375 0.5086401611111111 0.1924966125 0.5065460583333333 0.17071005781249998 0.3767116861111111
4 0.3389618828125 0.3775976833333334 0.25601635312500004 0.3765323083333333 0.28240086875000003 0.5077190861111112 0.369009921875 0.5064618750000001 0.3389618828125 0.3775976833333334
3 0.2549121453125 0.3756646361111111 0.172092565625 0.3751354027777778 0.195440740625 0.5086401611111111 0.28140930468750003 0.5107342638888889 0.2549121453125 0.3756646361111111
4 0.419914834375 0.3788548944444445 0.34056645625000004 0.379045875 0.369363428125 0.5058332694444444 0.45314442968749996 0.5070904805555555 0.419914834375 0.3788548944444445
4 0.8638595046875001 0.6144819583333333 0.911395528125 0.7974719749999999 0.9949370609375 0.7959663611111111 0.9362322000000001 0.6178022361111111 0.8638595046875001 0.6144819583333333
4 0.21226009218750003 0.6168990055555555 0.1222217234375 0.6136792388888889 0.149321709375 0.800081838888889 0.24471710624999998 0.8010855805555556 0.21226009218750003 0.6168990055555555
4 0.7855190750000001 0.6140806 0.8301218796875001 0.8009850694444445 0.9094298875 0.7979738444444444 0.8597565453125 0.6157947527777778 0.7855190750000001 0.6140806
4 0.31073543593749997 0.6172914777777778 0.34528762031250004 0.8020893222222223 0.4387073734375 0.8025911916666667 0.3986300171875 0.6128840416666667 0.31073543593749997 0.6172914777777778
3 0.028178617187499998 0.6172768222222221 0.051891303124999996 0.8028497694444444 0.1482993765625 0.7979282472222222 0.119699853125 0.6150116250000001 0.028178617187499998 0.6172768222222221
4 0.677603440625 0.6168901166666667 0.7243503796875 0.80158745 0.8112787296875 0.8025911916666667 0.7616053875000001 0.6158952638888889 0.677603440625 0.6168901166666667
4 0.5772060484375 0.6185996416666667 0.492024671875 0.6193921055555556 0.52731545 0.7751833222222222 0.5321134421875 0.7947562833333333 0.6269443703124999 0.8002768611111111 0.5772060484375 0.6185996416666667
4 0.4017346 0.6184046194444445 0.4389896078125 0.8005837083333333 0.53015148125 0.7985762249999999 0.4895096546875 0.621917713888889 0.4017346 0.6184046194444445
3 0.2161399328125 0.6160873972222222 0.247590521875 0.8030930638888888 0.34439709375 0.8025911916666667 0.308271025 0.6224195861111111 0.2161399328125 0.6160873972222222
3 0.579847228125 0.6209037166666667 0.6302662109375 0.8040968055555555 0.72312149375 0.80158745 0.675141559375 0.6174008777777777 0.579847228125 0.6209037166666667
4 0.1050628125 0.038623375 0.0295442765625 0.038913669444444444 0.04415593125 0.13711792222222222 0.12271698125 0.13633310555555556 0.1050628125 0.038623375
4 0.1822998015625 0.038623375 0.1054494703125 0.03859985 0.12337901250000001 0.13751033055555556 0.20194006406249998 0.13672551388888887 0.1822998015625 0.038623375
4 1 0.7934133138888888 0.9096523812499999 0.7992393972222221 0.9629381578125 0.9832446277777779 1 0.9839768888888888 1 0.7934133138888888
3 0.257602665625 0.03923678055555556 0.1832037078125 0.03799469166666666 0.202554909375 0.13794196111111112 0.28132617656250003 0.14039935 0.257602665625 0.03923678055555556
4 0.3324584015625 0.04169416944444444 0.25892696718749997 0.03897731388888889 0.2815565015625 0.14039935 0.35756386406249996 0.14244717777777777 0.3324584015625 0.04169416944444444
4 0.4125981078125 0.04701851666666667 0.3328078109375 0.04127009722222222 0.35778067812500003 0.14203761111111113 0.4354003171875 0.14203761111111113 0.4125981078125 0.04701851666666667
4 0.8130350890625 0.8045162277777778 0.725736496875 0.8040038638888889 0.7749247734375 0.9839893305555555 0.8687347796875 0.9847340305555556 0.8130350890625 0.8045162277777778
4 0.722575440625 0.8045162277777778 0.632271046875 0.8093638916666666 0.679858384375 0.9862234361111111 0.7732495953125 0.9847340305555556 0.722575440625 0.8045162277777778
4 0.906246428125 0.7985586138888889 0.8185319421875 0.8022171888888888 0.8735804453125 0.9929257499999999 0.9661340656249999 0.9944151527777778 0.906246428125 0.7985586138888889
4 0.627528671875 0.808239736111111 0.5391406 0.8051949805555555 0.580204875 0.9877128388888888 0.6782028265625 0.9899469444444444 0.627528671875 0.808239736111111
4 0.2416795203125 0.8045162277777778 0.1522137390625 0.8040038638888889 0.1813730875 0.9973939611111111 0.28020862968750004 0.9959045555555556 0.2416795203125 0.8045162277777778
4 0.340096265625 0.8060056305555556 0.2450091859375 0.8063861 0.2835589859375 0.9959045555555556 0.3815569390625 0.9951598555555555 0.340096265625 0.8060056305555556
4 0.3826283328125 0.9959045555555556 0.482720259375 0.9959045555555556 0.43874681875 0.808239736111111 0.34182465156249997 0.8063861 0.3826283328125 0.9959045555555556
4 0.5813724453125 1 0.53497505 0.8052609305555556 0.4413201296875 0.8069816583333334 0.4833820734375 1 0.5813724453125 1
4 0.1778656234375 1 0.1503822828125 0.8045162277777778 0.052718260937500004 0.8069816583333334 0.074580446875 0.9966492583333333 0.1521525125 1 0.1778656234375 1
4 0.63400055 0.04129586666666667 0.6630540984375 0.14931980833333333 0.7358268203125 0.14807553333333334 0.7036388859375 0.03920145 0.63400055 0.04129586666666667
4 0.43534447500000006 0.14162804722222222 0.5087584484375001 0.14051485555555557 0.48210051875 0.04824721111111111 0.4136938921875 0.04701851666666667 0.43534447500000006 0.14162804722222222
4 0.7057380984375 0.039823588888888886 0.7364317140625001 0.1492621722222222 0.8106987531250001 0.15056408333333332 0.767315015625 0.042312138888888885 0.7057380984375 0.039823588888888886
4 0.557317109375 0.04776389444444444 0.5860829515625 0.14496484444444446 0.6613047546875 0.14683125833333335 0.6305162953125001 0.04417855277777778 0.557317109375 0.04776389444444444
4 0.5546530015625 0.04865677499999999 0.48296463906250003 0.047165825 0.5099698859374999 0.14203761111111113 0.5850559468750001 0.14449500277777777 0.5546530015625 0.04865677499999999
4 0.8404722203125001 0.04316143333333333 0.8863176218750001 0.15180835833333334 0.9569911281250001 0.15180835833333334 0.911858046875 0.046667102777777775 0.8404722203125001 0.04316143333333333
4 0.8364372124999999 0.04355641388888889 0.7727610828125 0.044800688888888884 0.8105469187500001 0.15491904722222222 0.8843692453124999 0.15180835833333334 0.847283146875 0.06719764444444444 0.8364372124999999 0.04355641388888889
4 1 0.04604377222222222 0.9149865875 0.04577373333333333 0.9573409984374999 0.15056408333333332 0.999675128125 0.15305263333333333 1 0.10337145555555555 1 0.04604377222222222