3 0.9191314296875 0.546756575 0.8983010468750001 0.5606383611111111 0.9460372578125 0.6099957944444445 0.9607921968750001 0.5945715722222222 0.9191314296875 0.546756575
3 0.8585205078125 0.5707224166666667 0.90090484375 0.6254200166666667 0.9260748484375 0.6146230555555555 0.8809423078125 0.5637231805555556 0.8585205078125 0.5707224166666667
3 0.9001871749999999 0.5596113055555556 0.8809423078125 0.5668080027777778 0.9234710515625 0.6146230555555555 0.9408296625 0.6038260944444445 0.9001871749999999 0.5596113055555556
3 0.8585205078125 0.5670187138888889 0.8340739453125 0.5791474055555556 0.8792064859375 0.6393018 0.9078482625 0.6254200166666667 0.8585205078125 0.5670187138888889
3 0.8349419203125 0.5791474055555556 0.8012288406250001 0.5892409361111111 0.85403648125 0.6470138833333333 0.8809423078125 0.6362169222222223 0.8349419203125 0.5791474055555556
3 0.6811879875 0.6192503166666666 0.644835715625 0.6318335277777778 0.6942069765625 0.7287621472222222 0.7419431890625 0.7102531027777778 0.6811879875 0.6192503166666666
3 0.5990023828125 0.6466483444444445 0.651678234375 0.7488135749999999 0.7002824203125 0.7225925027777779 0.6386592453125 0.6300472777777778 0.5990023828125 0.6466483444444445
3 0.599602275 0.6408441833333333 0.547526315625 0.6500987055555556 0.596130565625 0.7611529749999999 0.6508103234375 0.7457288083333334 0.599602275 0.6408441833333333
3 0.5457904921875001 0.6485563222222223 0.491710715625 0.6596113055555556 0.5379790984375 0.7781196361111111 0.5978664515625 0.7626954722222223 0.5457904921875001 0.6485563222222223
3 0.4937145328125 0.6531835833333333 0.43858571562500004 0.6670187138888889 0.47722377031249996 0.7920014222222223 0.5457904921875001 0.7812045166666667 0.4937145328125 0.6531835833333333
3 0.44250648437500006 0.67477745 0.382335715625 0.6873890833333334 0.4086571109375 0.8074255888888888 0.47548794687499996 0.7981710638888889 0.44250648437500006 0.67477745
3 0.38348710625 0.6871167944444444 0.322960715625 0.6910927888888889 0.34269425 0.8228498666666667 0.4103929984375 0.8089680833333334 0.38348710625 0.6871167944444444
3 0.3218638671875 0.6979137 0.2615023828125 0.70405575 0.2689199953125 0.8321043888888888 0.3435621625 0.8290195111111112 0.3218638671875 0.6979137
3 0.2654482234375 0.7056258416666666 0.2052523828125 0.7077594555555555 0.202089159375 0.8429012944444444 0.2741275921875 0.8382740333333334 0.2654482234375 0.7056258416666666
3 0.20556086875 0.7102531027777778 0.15004405 0.7133150111111112 0.137862121875 0.8521558166666666 0.20556086875 0.8475285555555555 0.20556086875 0.7102531027777778
3 0.1500132 0.719507625 0.09620135468749999 0.719507625 0.074503059375 0.8583254611111111 0.137862121875 0.8521558166666666 0.1500132 0.719507625
3 0.09533344218749999 0.7210500083333334 0.0449933375 0.7225925027777779 0.0189553578125 0.8536982 0.0762389140625 0.8521558166666666 0.09533344218749999 0.7210500083333334