4 0.628125 0.315625 0.20625 0.4109375
3 0.9375 0.25 0.1171875 0.3484375
4 0.14375 0.44375 0.196875 0.3765625
3 0.5078125 0.3625 0.184375 0.3515625
3 0.7375 0.3109375 0.1765625 0.3625
3 0.8515625 0.284375 0.178125 0.35
3 0.39375 0.39375 0.1734375 0.3703125
3 0.0640625 0.475 0.128125 0.34375
3 0.28125 0.425 0.18125 0.3578125
4 0.925 0.61875 0.15 0.38125
3 0.703125 0.6984375 0.1796875 0.3625
3 0.81875 0.6765625 0.1921875 0.375
3 0.5921875 0.73125 0.190625 0.3640625
3 0.48125 0.75625 0.1859375 0.3640625
4 0.11875 0.8171875 0.2078125 0.365625
3 0.24609375 0.81796875 0.1765625 0.3640625
4 0.3625 0.790625 0.2171875 0.4171875