3 0.54375 0.8375 0.1859375 0.171875
4 0.675 0.7953125 0.1828125 0.221875
3 0.3375 0.634375 0.1484375 0.2234375
4 0.678125 0.6796875 0.165625 0.203125
4 0.56875 0.6078125 0.1546875 0.15625
4 0.690625 0.565625 0.1515625 0.1953125
4 0.696875 0.475 0.1453125 0.184375
3 0.603125 0.4234375 0.15625 0.1375
3 0.3859375 0.440625 0.134375 0.20625
3 0.275 0.4890625 0.1828125 0.196875
3 0.453125 0.1390625 0.1234375 0.153125
3 0.715625 0.321875 0.1515625 0.18125
3 0.65 0.08125 0.1421875 0.1484375
3 0.184375 0.171875 0.1078125 0.1640625
3 0.25859375 0.021875 0.0671875 0.04375
3 0.93125 0.3296875 0.1359375 0.18125
3 0.134375 0.315625 0.1265625 0.175
4 0.421875 0.26875 0.1265625 0.1515625
4 0.0734375 0.46875 0.121875 0.1765625
3 0.1578125 0.24375 0.1375 0.15625
3 0.92734375 0.41796875 0.1453125 0.2171875
4 0.928125 0.509375 0.14375 0.2359375
4 0.925 0.615625 0.1453125 0.275
4 0.925 0.71875 0.1390625 0.265625
4 0.921875 0.8046875 0.1375 0.234375
3 0.3171875 0.740625 0.171875 0.26875
3 0.05625 0.55 0.1125 0.265625
4 0.040625 0.675 0.0796875 0.2390625