4 0.778125 0.79375 0.26875 0.3875
3 0.6140625 0.7515625 0.275 0.3671875
4 0.4625 0.7 0.265625 0.359375
4 0.3078125 0.64375 0.240625 0.35625
4 0.1515625 0.56875 0.275 0.371875
4 0.0765625 0.5375 0.153125 0.3953125
4 0.8875 0.5640625 0.225 0.278125
3 0.76875 0.525 0.2265625 0.2640625
4 0.6515625 0.484375 0.228125 0.28125
4 0.54375 0.4328125 0.215625 0.2625
4 0.415625 0.41875 0.2109375 0.2796875
4 0.3 0.3546875 0.209375 0.2765625
4 0.1859375 0.3015625 0.2109375 0.2765625
4 0.1 0.25625 0.15 0.234375
4 0.965625 0.3328125 0.06875 0.165625
4 0.93046875 0.30625 0.1390625 0.15625
4 0.85625 0.26875 0.1234375 0.1421875
4 0.78125 0.24375 0.121875 0.128125
4 0.6984375 0.2078125 0.1125 0.1328125
4 0.61875 0.19375 0.11875 0.1265625
4 0.534375 0.1671875 0.13125 0.134375
4 0.465625 0.140625 0.128125 0.1484375
4 0.384375 0.1015625 0.1375 0.15
4 0.30625 0.071875 0.1359375 0.1421875
4 0.2328125 0.0578125 0.140625 0.115625
4 0.184375 0.05 0.1203125 0.1
4 0.96484375 0.215625 0.0703125 0.115625
4 0.91875 0.190625 0.125 0.121875
3 0.84375 0.18125 0.1078125 0.1125
4 0.7875 0.15625 0.103125 0.1171875
4 0.715625 0.125 0.1234375 0.121875
4 0.6390625 0.1125 0.1140625 0.109375
4 0.56875 0.090625 0.1078125 0.1046875
4 0.50625 0.0609375 0.09375 0.09375
4 0.4390625 0.0421875 0.0875 0.084375
4 0.38046875 0.025 0.0796875 0.05
4 0.31484375 0.015625 0.0859375 0.03125