4 0.8484375 0.6578125 0.18125 0.309375
3 0.7015625 0.64375 0.190625 0.2890625
4 0.565625 0.621875 0.1828125 0.2828125
4 0.425 0.5984375 0.1609375 0.284375
4 0.28125 0.559375 0.1890625 0.29375
4 0.1421875 0.540625 0.21875 0.3328125
4 0.078125 0.490625 0.15625 0.309375
4 0.9125 0.44375 0.1734375 0.2140625
3 0.8 0.4296875 0.1640625 0.203125
4 0.69375 0.4125 0.1625 0.21875
4 0.59375 0.384375 0.153125 0.203125
4 0.4828125 0.390625 0.146875 0.2203125
4 0.375 0.35625 0.1453125 0.2171875
4 0.2703125 0.325 0.146875 0.2171875
4 0.1703125 0.296875 0.140625 0.1921875
4 0.078125 0.2796875 0.1171875 0.2
4 0.959375 0.234375 0.08125 0.13125
4 0.90625 0.21875 0.1046875 0.11875
4 0.834375 0.1984375 0.0890625 0.109375
4 0.7671875 0.1890625 0.090625 0.096875
4 0.6921875 0.171875 0.08125 0.1015625
4 0.621875 0.1703125 0.0875 0.096875
4 0.546875 0.1609375 0.0984375 0.1
4 0.484375 0.146875 0.0921875 0.1140625
4 0.409375 0.128125 0.1015625 0.1140625
4 0.3375 0.1125 0.1 0.1109375
4 0.271875 0.1 0.103125 0.1125
4 0.20625 0.084375 0.125 0.1296875
4 0.128125 0.075 0.1078125 0.11875
4 0.98046875 0.1421875 0.0390625 0.090625
4 0.94375 0.134375 0.0953125 0.084375
4 0.875 0.1234375 0.0953125 0.090625
3 0.8125 0.1265625 0.0796875 0.084375
4 0.759375 0.1125 0.075 0.090625
4 0.69375 0.0984375 0.09375 0.090625
4 0.628125 0.096875 0.0859375 0.08125
4 0.5640625 0.090625 0.08125 0.078125
4 0.50625 0.075 0.0703125 0.0703125
4 0.446875 0.0625 0.0640625 0.075
4 0.39375 0.046875 0.059375 0.0671875
4 0.334375 0.0390625 0.0640625 0.071875
4 0.275 0.03125 0.078125 0.0625
4 0.209375 0.0265625 0.0765625 0.053125
4 0.140625 0.025 0.084375 0.0484375