4 0.05625 0.5 0.1109375 0.5140625
4 0.1234375 0.434375 0.246875 0.4484375
4 0.275 0.3515625 0.3109375 0.48125
4 0.440625 0.31875 0.2734375 0.403125
4 0.5859375 0.26875 0.325 0.4765625
4 0.73125 0.21875 0.3203125 0.3921875
4 0.8875 0.8296875 0.1703125 0.340625
4 0.78125 0.859375 0.3109375 0.28125
4 0.59375 0.878125 0.2859375 0.2421875
4 0.409375 0.896875 0.253125 0.2046875
4 0.128125 0.140625 0.171875 0.2796875
4 0.21875 0.1125 0.2671875 0.2234375
4 0.375 0.0984375 0.25625 0.196875
4 0.525 0.084375 0.228125 0.16875
4 0.6625 0.06875 0.2078125 0.125
4 0.96171875 0.19296875 0.0765625 0.1984375