4 0.97109375 0.74375 0.0578125 0.171875
4 0.8953125 0.75625 0.134375 0.1796875
4 0.784375 0.778125 0.1515625 0.1578125
4 0.671875 0.7890625 0.1328125 0.15625
4 0.5671875 0.8046875 0.14375 0.159375
4 0.44375 0.81875 0.1484375 0.1640625
4 0.3390625 0.828125 0.153125 0.1703125
4 0.221875 0.8515625 0.1578125 0.171875
4 0.115625 0.853125 0.1421875 0.175
4 0.05625 0.703125 0.0828125 0.15625
3 0.140625 0.70625 0.1484375 0.1578125
4 0.234375 0.69375 0.1296875 0.1609375
4 0.3375 0.6765625 0.1296875 0.146875
4 0.4375 0.6609375 0.1265625 0.159375
3 0.5453125 0.646875 0.1375 0.1609375
4 0.653125 0.6375 0.1328125 0.1671875
3 0.7625 0.634375 0.1234375 0.1515625
4 0.8578125 0.603125 0.115625 0.1484375
4 0.95 0.596875 0.0984375 0.1578125
4 0.95625 0.3171875 0.0625 0.1375
4 0.8890625 0.33125 0.109375 0.1296875
4 0.79375 0.340625 0.11875 0.1265625
4 0.703125 0.35 0.115625 0.125
4 0.6109375 0.371875 0.115625 0.1375
4 0.521875 0.38125 0.1140625 0.1234375
4 0.434375 0.390625 0.109375 0.1171875
4 0.3421875 0.4046875 0.115625 0.125
4 0.2546875 0.41875 0.121875 0.1265625
4 0.1625 0.4296875 0.1296875 0.125
3 0.075 0.4453125 0.11875 0.121875
4 0.021875 0.43984375 0.04375 0.1328125
4 0.9 0.08125 0.090625 0.1078125
4 0.821875 0.090625 0.1109375 0.121875
4 0.746875 0.103125 0.1015625 0.1140625
4 0.665625 0.103125 0.096875 0.11875
4 0.5859375 0.121875 0.1 0.1171875
4 0.515625 0.1265625 0.0953125 0.115625
4 0.4375 0.140625 0.0984375 0.11875
4 0.353125 0.146875 0.1015625 0.1171875
4 0.2796875 0.16875 0.09375 0.1171875
4 0.203125 0.1625 0.10625 0.1265625
4 0.121875 0.1734375 0.1078125 0.125
4 0.046875 0.190625 0.09375 0.1171875