4 0.890625 0.7 0.2046875 0.340625
3 0.7296875 0.684375 0.215625 0.3203125
4 0.578125 0.6578125 0.20625 0.3140625
4 0.425 0.628125 0.18125 0.3125
4 0.26875 0.58125 0.2125 0.3234375
4 0.11875 0.55625 0.2375 0.3671875
4 0.0671875 0.50625 0.134375 0.3328125
4 0.9328125 0.465625 0.1328125 0.234375
3 0.840625 0.45 0.1828125 0.225
4 0.725 0.428125 0.18125 0.2421875
4 0.615625 0.396875 0.1734375 0.2265625
4 0.49375 0.4 0.165625 0.24375
4 0.375 0.359375 0.1625 0.240625
4 0.259375 0.3265625 0.1640625 0.240625
4 0.15 0.2921875 0.1578125 0.2140625
4 0.065625 0.275 0.096875 0.2140625
4 0.9859375 0.234375 0.0265625 0.1390625
4 0.9515625 0.221875 0.0953125 0.1328125
4 0.884375 0.196875 0.1 0.121875
4 0.809375 0.1859375 0.1015625 0.1078125
4 0.728125 0.1625 0.090625 0.1125
4 0.65 0.1625 0.096875 0.10625
4 0.5671875 0.15 0.109375 0.1109375
4 0.4984375 0.134375 0.103125 0.1265625
4 0.415625 0.1109375 0.1125 0.1265625
4 0.3390625 0.0921875 0.109375 0.1234375
4 0.265625 0.078125 0.115625 0.125
4 0.19375 0.065625 0.1390625 0.13125
4 0.1203125 0.059375 0.1015625 0.1171875
4 0.975 0.1296875 0.0484375 0.096875
4 0.93125 0.11875 0.10625 0.1015625
3 0.859375 0.115625 0.0875 0.09375
4 0.8015625 0.1015625 0.0828125 0.1
4 0.7296875 0.084375 0.103125 0.1015625
4 0.65625 0.0828125 0.0953125 0.090625
4 0.5875 0.0734375 0.090625 0.0875
4 0.525 0.053125 0.078125 0.078125
4 0.459375 0.040625 0.071875 0.08125
4 0.4015625 0.03125 0.065625 0.0609375
4 0.33671875 0.025 0.0734375 0.05
4 0.271875 0.01875 0.0875 0.0375
4 0.19921875 0.0125 0.0859375 0.025
4 0.1296875 0.0109375 0.0828125 0.021875