4 0.89375 0.65 0.2125 0.4640625
4 0.796875 0.565625 0.2265625 0.378125
4 0.6703125 0.45 0.234375 0.4046875
4 0.540625 0.3765625 0.2078125 0.3375
4 0.4328125 0.29375 0.246875 0.3984375
4 0.328125 0.1875 0.25625 0.3734375
4 0.0375 0.715625 0.0734375 0.3734375
4 0.1125 0.78125 0.2171875 0.3171875
4 0.253125 0.84375 0.2359375 0.2671875
4 0.403125 0.8953125 0.2140625 0.209375
4 0.965625 0.3546875 0.06875 0.33125
4 0.9015625 0.26875 0.19375 0.3359375
4 0.8 0.196875 0.2234375 0.3171875
4 0.66875 0.1484375 0.2203125 0.28125
4 0.54375 0.1125 0.2046875 0.2234375
4 0.43125 0.075 0.19375 0.15
4 0.1171875 0.1046875 0.1375 0.196875