4 0.925 0.5015625 0.121875 0.190625
4 0.85625 0.465625 0.1078125 0.1921875
4 0.78125 0.440625 0.1359375 0.2171875
4 0.6984375 0.415625 0.115625 0.2015625
4 0.63125 0.3875 0.125 0.2078125
4 0.55625 0.359375 0.109375 0.1984375
4 0.41875 0.3140625 0.1265625 0.234375
3 0.4890625 0.359375 0.128125 0.2265625
3 0.89375 0.86875 0.1703125 0.2421875
3 0.7921875 0.85 0.1625 0.2859375
4 0.696875 0.815625 0.16875 0.3
4 0.60625 0.796875 0.14375 0.284375
4 0.51875 0.7625 0.1515625 0.2984375
4 0.425 0.734375 0.1390625 0.28125
4 0.34375 0.725 0.1296875 0.2640625
4 0.246875 0.684375 0.14375 0.2734375
3 0.1515625 0.671875 0.165625 0.2859375
4 0.35 0.2875 0.1140625 0.190625
4 0.28125 0.26875 0.10625 0.2140625
4 0.209375 0.24375 0.10625 0.2078125
4 0.134375 0.228125 0.1125 0.2109375
4 0.059375 0.1921875 0.1078125 0.203125
4 0.0203125 0.175 0.040625 0.2015625
4 0.06875 0.621875 0.1375 0.2953125
4 0.01875 0.5890625 0.0375 0.30625
4 0.196875 0.8890625 0.1578125 0.221875
3 0.084375 0.86875 0.1515625 0.240625
3 0.6828125 0.971875 0.115625 0.0484375
4 0.4875 0.94375 0.1421875 0.1109375
4 0.59375 0.9546875 0.1265625 0.090625
3 0.025 0.821875 0.0328125 0.1890625