4 0.946875 0.6359375 0.1046875 0.30625
4 0.8609375 0.5625 0.246875 0.2421875
4 0.7125 0.4625 0.203125 0.2546875
4 0.590625 0.390625 0.19375 0.2234375
4 0.515625 0.33125 0.1921875 0.184375
4 0.453125 0.28125 0.1953125 0.1625
4 0.378125 0.24375 0.1671875 0.1328125
4 0.325 0.209375 0.16875 0.11875
3 0.278125 0.175 0.1265625 0.1078125
4 0.25 0.146875 0.153125 0.0984375
4 0.209375 0.121875 0.153125 0.0984375
4 0.1765625 0.1 0.159375 0.10625
4 0.1578125 0.0796875 0.1609375 0.1109375
4 0.1265625 0.0625 0.15625 0.1
4 0.1734375 0.790625 0.346875 0.3859375
4 0.1453125 0.590625 0.290625 0.2984375
4 0.1109375 0.484375 0.221875 0.2234375