3 0.859375 0.9375 0.1 0.1234375
4 0.7875 0.925 0.1046875 0.1484375
4 0.7109375 0.91875 0.109375 0.1625
4 0.628125 0.9109375 0.1140625 0.178125
4 0.54609375 0.90859375 0.1046875 0.1828125
4 0.4734375 0.89921875 0.1 0.2015625
4 0.4 0.896875 0.1046875 0.196875
4 0.3125 0.8828125 0.103125 0.2
4 0.228125 0.875 0.1 0.190625
4 0.146875 0.85625 0.1140625 0.20625
4 0.053125 0.8375 0.10625 0.215625
4 0.0125 0.82109375 0.025 0.2234375
3 0.025 0.52421875 0.05 0.1828125
3 0.05625 0.371875 0.090625 0.1609375
4 0.071875 0.540625 0.0875 0.2046875
4 0.1265625 0.3640625 0.078125 0.153125
4 0.14375 0.5375 0.084375 0.184375
4 0.2140625 0.553125 0.096875 0.1859375
4 0.278125 0.5546875 0.0890625 0.18125
4 0.35 0.565625 0.1 0.1828125
4 0.4234375 0.571875 0.090625 0.190625
4 0.4875 0.5796875 0.0859375 0.178125
4 0.55625 0.590625 0.1015625 0.2046875
4 0.625 0.596875 0.0984375 0.2
4 0.6921875 0.615625 0.090625 0.190625
4 0.759375 0.625 0.0953125 0.1796875
4 0.825 0.63125 0.090625 0.175
4 0.896875 0.640625 0.0890625 0.1703125
4 0.959375 0.65 0.0765625 0.1859375
4 0.965625 0.48125 0.06875 0.1578125
4 0.9125 0.471875 0.09375 0.15625
4 0.840625 0.4625 0.0828125 0.1546875
4 0.771875 0.45 0.09375 0.1765625
4 0.7078125 0.434375 0.078125 0.159375
4 0.646875 0.428125 0.0796875 0.15625
3 0.578125 0.425 0.08125 0.1484375
3 0.515625 0.41875 0.084375 0.1453125
3 0.446875 0.40625 0.08125 0.1484375
4 0.38125 0.3921875 0.075 0.153125
3 0.31875 0.4 0.0875 0.140625
3 0.253125 0.390625 0.0796875 0.1390625
3 0.190625 0.378125 0.0875 0.1734375
3 0.925 0.2359375 0.071875 0.146875
4 0.9703125 0.2359375 0.059375 0.165625
3 0.8625 0.225 0.0796875 0.165625
4 0.8125 0.203125 0.0828125 0.178125
4 0.7484375 0.190625 0.075 0.165625
3 0.68125 0.190625 0.090625 0.1609375
3 0.4859375 0.171875 0.084375 0.1671875
3 0.41875 0.1546875 0.0703125 0.15
4 0.228125 0.13125 0.0734375 0.15625
4 0.1734375 0.109375 0.1 0.1796875
4 0.1 0.109375 0.09375 0.1859375