4 0.875 0.86875 0.1953125 0.2625
4 0.8953125 0.915625 0.109375 0.1671875
4 0.81875 0.7984375 0.2078125 0.290625
4 0.753125 0.7125 0.190625 0.265625
4 0.7 0.628125 0.2078125 0.271875
3 0.6125 0.584375 0.1953125 0.253125
3 0.565625 0.5171875 0.190625 0.246875
4 0.5328125 0.4375 0.215625 0.2421875
4 0.48125 0.375 0.1890625 0.2421875
4 0.4390625 0.3140625 0.2125 0.2625
4 0.3953125 0.2546875 0.1875 0.221875
3 0.346875 0.215625 0.1734375 0.2171875
4 0.315625 0.165625 0.175 0.221875
4 0.28125 0.1171875 0.190625 0.23125
4 0.25 0.096875 0.1890625 0.1921875
4 0.2171875 0.0625 0.184375 0.125
4 0.184375 0.046875 0.1671875 0.0921875
4 0.1515625 0.028125 0.13125 0.05625
4 0.1421875 0.0125 0.09375 0.0234375
4 0.4125 0.9484375 0.2234375 0.103125
4 0.34375 0.89375 0.265625 0.209375
4 0.271875 0.825 0.3109375 0.33125
3 0.2125 0.765625 0.3015625 0.3921875
4 0.175 0.678125 0.2671875 0.3453125
4 0.1171875 0.596875 0.234375 0.3328125
3 0.096875 0.525 0.1921875 0.3
4 0.090625 0.45546875 0.18125 0.3140625
4 0.075 0.3953125 0.15 0.28125
4 0.053125 0.328125 0.096875 0.2453125
4 0.06875 0.85 0.1359375 0.16875
4 0.040625 0.796875 0.08125 0.21875
4 0.00625 0.7453125 0.0125 0.259375
4 0.96875 0.65625 0.0609375 0.2421875
4 0.93984375 0.5796875 0.1203125 0.259375
4 0.903125 0.5125 0.1796875 0.2546875
4 0.84375 0.45625 0.1765625 0.2453125
4 0.7828125 0.384375 0.15625 0.21875
4 0.7390625 0.3375 0.178125 0.2296875
4 0.6921875 0.2921875 0.159375 0.215625
4 0.646875 0.2375 0.1546875 0.2078125
4 0.609375 0.19375 0.1578125 0.2
3 0.5625 0.159375 0.146875 0.1859375
4 0.52109375 0.103125 0.1609375 0.20625
4 0.490625 0.075 0.1546875 0.15
4 0.459375 0.04375 0.14375 0.0875
4 0.415625 0.03125 0.1453125 0.0609375
4 0.98125 0.2765625 0.0359375 0.2
3 0.9546875 0.246875 0.090625 0.1734375
3 0.9296875 0.203125 0.140625 0.19375
4 0.903125 0.165625 0.14375 0.1796875
4 0.8625 0.115625 0.1453125 0.1578125
4 0.809375 0.0875 0.1265625 0.1203125
4 0.971875 0.15625 0.0546875 0.1265625
4 0.7625 0.0640625 0.1 0.08125
4 0.36875 0.0171875 0.1390625 0.034375