4 0.03125 0.89375 0.028125 0.159375
3 0.0984375 0.9 0.1125 0.146875
4 0.2015625 0.8859375 0.11875 0.1546875
3 0.309375 0.8796875 0.10625 0.146875
4 0.40625 0.8828125 0.0984375 0.15625
4 0.509375 0.88125 0.1140625 0.1640625
4 0.609375 0.8671875 0.10625 0.146875
4 0.715625 0.8625 0.11875 0.153125
4 0.8109375 0.853125 0.121875 0.146875
4 0.9171875 0.853125 0.1375 0.1546875
4 0.8953125 0.709375 0.0984375 0.1421875
3 0.97109375 0.703125 0.0578125 0.14375
3 0.796875 0.715625 0.109375 0.1328125
4 0.703125 0.7171875 0.103125 0.1453125
3 0.603125 0.7359375 0.1078125 0.128125
4 0.503125 0.7359375 0.1 0.1515625
4 0.40625 0.734375 0.096875 0.1625
4 0.3140625 0.7234375 0.1046875 0.16875
4 0.2125 0.740625 0.109375 0.1578125
4 0.109375 0.7484375 0.096875 0.15625
4 0.034375 0.7515625 0.053125 0.1578125
3 0.95 0.459375 0.090625 0.1234375
4 0.93125 0.328125 0.121875 0.14375
4 0.853125 0.4609375 0.109375 0.1453125
3 0.8359375 0.3375 0.109375 0.128125
4 0.753125 0.34375 0.1125 0.1375
4 0.6734375 0.475 0.09375 0.1375
3 0.7640625 0.4765625 0.0921875 0.134375
3 0.6625 0.346875 0.0953125 0.1265625
3 0.575 0.3625 0.090625 0.1390625
3 0.58125 0.478125 0.1 0.1234375
3 0.88125 0.053125 0.0890625 0.10625
3 0.890625 0.146875 0.0890625 0.10625
3 0.796875 0.05625 0.0921875 0.1125
3 0.8125 0.159375 0.0890625 0.1046875
3 0.721875 0.0640625 0.0953125 0.1234375
3 0.728125 0.165625 0.0921875 0.109375
3 0.640625 0.0734375 0.084375 0.1140625
3 0.64375 0.171875 0.0890625 0.109375
4 0.490625 0.3578125 0.0921875 0.1296875
4 0.4953125 0.4796875 0.0953125 0.1296875
4 0.403125 0.4875 0.10625 0.1359375
3 0.403125 0.365625 0.0921875 0.11875
4 0.315625 0.484375 0.1015625 0.13125
4 0.3171875 0.371875 0.08125 0.1078125
4 0.228125 0.375 0.084375 0.11875
4 0.14375 0.384375 0.0875 0.1265625
4 0.05 0.3828125 0.090625 0.11875
4 0.5609375 0.171875 0.0765625 0.0984375
4 0.5546875 0.0734375 0.084375 0.1
4 0.484375 0.1734375 0.0859375 0.10625
4 0.40625 0.184375 0.0921875 0.1140625
4 0.321875 0.190625 0.0875 0.1015625
4 0.240625 0.190625 0.096875 0.10625
4 0.15625 0.1875 0.0859375 0.0890625
4 0.16875 0.0921875 0.08125 0.1109375
4 0.078125 0.1921875 0.0859375 0.0828125
4 0.0203125 0.0921875 0.040625 0.09375
4 0.0203125 0.1875 0.040625 0.1078125
3 0.2203125 0.496875 0.1 0.1203125
4 0.1359375 0.5015625 0.0953125 0.1234375
4 0.0484375 0.503125 0.096875 0.128125
3 0.48125 0.0828125 0.0703125 0.0953125
3 0.40625 0.090625 0.08125 0.0921875
3 0.3265625 0.0953125 0.08125 0.0875
3 0.24375 0.096875 0.09375 0.0828125
3 0.084375 0.1 0.0890625 0.1