4 0.484375 0.915625 0.3125 0.1671875
4 0.4109375 0.8359375 0.315625 0.25625
4 0.3859375 0.68125 0.278125 0.2171875
4 0.33125 0.5375 0.2671875 0.2265625
4 0.3125 0.4125 0.215625 0.1734375
4 0.9125 0.6859375 0.1734375 0.246875
4 0.871875 0.5890625 0.2203125 0.2
4 0.7953125 0.48125 0.21875 0.1859375
3 0.75 0.41875 0.2109375 0.1796875
4 0.709375 0.3375 0.196875 0.1796875
4 0.65 0.221875 0.1875 0.153125
3 0.609375 0.190625 0.1578125 0.1328125
3 0.590625 0.1359375 0.1609375 0.134375
3 0.5578125 0.078125 0.153125 0.1296875
3 0.534375 0.05 0.1578125 0.1
3 0.503125 0.0296875 0.1359375 0.059375
4 0.25 0.30625 0.225 0.1765625
4 0.2375 0.234375 0.1875 0.1296875
4 0.228125 0.16875 0.1859375 0.140625
4 0.2109375 0.1078125 0.175 0.10625
4 0.190625 0.065625 0.1796875 0.1015625
4 0.184375 0.040625 0.1765625 0.0484375
3 0.8125 0.2125 0.140625 0.1140625
3 0.778125 0.14375 0.1546875 0.1125
3 0.746875 0.10625 0.14375 0.1109375
3 0.7125 0.05625 0.1546875 0.1109375
3 0.684375 0.0359375 0.165625 0.071875
3 0.9203125 0.3875 0.153125 0.1296875
3 0.90625 0.3078125 0.171875 0.134375
3 0.95 0.453125 0.0984375 0.128125
3 0.9578125 0.053125 0.034375 0.10625
3 0.93125 0.03125 0.0796875 0.0625