4 0.87421875 0.90234375 0.1421875 0.1953125
4 0.7421875 0.8984375 0.15 0.203125
4 0.5875 0.878125 0.171875 0.2234375
4 0.4546875 0.8671875 0.15625 0.21875
4 0.334375 0.85625 0.1328125 0.2125
3 0.2 0.8390625 0.1484375 0.21875
4 0.0734375 0.8296875 0.146875 0.2
4 0.1421875 0.63125 0.125 0.175
4 0.04375 0.6265625 0.0875 0.1875
4 0.290625 0.6546875 0.134375 0.1875
4 0.3984375 0.665625 0.121875 0.16875
3 0.5125 0.684375 0.121875 0.1796875
3 0.621875 0.690625 0.109375 0.1765625
4 0.7375 0.7015625 0.1359375 0.16875
3 0.8875 0.71875 0.1359375 0.1921875
4 0.946875 0.4 0.1046875 0.1328125
3 0.84375 0.390625 0.1046875 0.1203125
3 0.05 0.315625 0.078125 0.1171875
4 0.1296875 0.315625 0.09375 0.1296875
4 0.753125 0.378125 0.0828125 0.13125
4 0.2375 0.334375 0.1171875 0.140625
4 0.346875 0.3453125 0.1140625 0.134375
4 0.4421875 0.35625 0.10625 0.13125
3 0.5390625 0.3625 0.128125 0.1328125
3 0.6578125 0.378125 0.109375 0.1421875
3 0.96875 0.2859375 0.0625 0.125
4 0.9 0.2671875 0.1125 0.121875
3 0.79375 0.2625 0.1171875 0.121875
3 0.6921875 0.2578125 0.109375 0.121875
4 0.596875 0.24375 0.0953125 0.1375
4 0.5171875 0.2359375 0.103125 0.11875
4 0.428125 0.228125 0.09375 0.11875
3 0.34375 0.228125 0.09375 0.115625
3 0.25 0.21875 0.1140625 0.1140625
3 0.1546875 0.203125 0.1 0.1109375
4 0.06875 0.2 0.0875 0.1140625
3 0.08125 0.0296875 0.0734375 0.059375
4 0.1484375 0.03125 0.0875 0.0625
4 0.23125 0.034375 0.09375 0.0671875
4 0.3125 0.040625 0.0828125 0.08125
4 0.384375 0.04375 0.078125 0.0859375
4 0.4546875 0.0484375 0.090625 0.096875
3 0.5328125 0.05625 0.0875 0.09375
3 0.625 0.059375 0.09375 0.090625
4 0.7015625 0.06875 0.078125 0.0921875
4 0.778125 0.06875 0.0984375 0.090625
3 0.85625 0.0859375 0.0984375 0.103125
3 0.9390625 0.090625 0.10625 0.0984375
3 0.99296875 0.0984375 0.0140625 0.096875