4 0.93125 0.7734375 0.1015625 0.246875
3 0.8453125 0.825 0.259375 0.2390625
3 0.7015625 0.8140625 0.30625 0.265625
3 0.53125 0.809375 0.3203125 0.2546875
3 0.3625 0.8 0.2828125 0.2546875
3 0.2015625 0.80625 0.290625 0.2546875
3 0.078125 0.803125 0.15625 0.2703125
4 0.9625 0.3109375 0.0734375 0.246875
4 0.8921875 0.30625 0.1625 0.2609375
4 0.7640625 0.2765625 0.165625 0.259375
4 0.63125 0.29375 0.184375 0.2609375
3 0.503125 0.275 0.1921875 0.25625
4 0.3796875 0.2625 0.196875 0.2875
4 0.265625 0.2453125 0.1890625 0.309375
4 0.115625 0.240625 0.203125 0.278125