4 0.94375 0.8796875 0.09375 0.2390625
4 0.81875 0.88125 0.153125 0.2359375
4 0.6453125 0.8640625 0.1765625 0.240625
4 0.496875 0.859375 0.159375 0.2359375
4 0.3609375 0.859375 0.134375 0.23125
3 0.2078125 0.85 0.1515625 0.2359375
4 0.071875 0.85 0.1421875 0.21875
4 0.128125 0.6203125 0.128125 0.1890625
4 0.03125 0.625 0.0609375 0.203125
4 0.29375 0.634375 0.1375 0.2046875
4 0.415625 0.6375 0.125 0.18125
3 0.546875 0.65 0.1234375 0.1953125
3 0.66875 0.646875 0.1109375 0.19375
4 0.8 0.6515625 0.140625 0.18125
3 0.946875 0.659375 0.0984375 0.2078125
4 0.978125 0.2953125 0.04375 0.140625
3 0.89375 0.29375 0.109375 0.1296875
3 0.021875 0.271875 0.034375 0.1265625
4 0.0875 0.2671875 0.0953125 0.140625
4 0.7921875 0.2875 0.0828125 0.14375
4 0.2109375 0.2796875 0.125 0.15
4 0.3328125 0.284375 0.1171875 0.1453125
4 0.4421875 0.2875 0.109375 0.140625
3 0.55 0.2875 0.134375 0.140625
3 0.684375 0.29375 0.1140625 0.153125
4 0.94375 0.15 0.1109375 0.1296875
3 0.828125 0.153125 0.1234375 0.1296875
3 0.7140625 0.15625 0.1171875 0.1296875
4 0.60625 0.1484375 0.0984375 0.1484375
4 0.515625 0.146875 0.109375 0.1265625
4 0.415625 0.14375 0.096875 0.128125
3 0.321875 0.15 0.096875 0.125
3 0.2171875 0.146875 0.121875 0.1203125
3 0.1078125 0.1375 0.1046875 0.11875
4 0.0328125 0.140625 0.0453125 0.11875