4 0.4125 0.7734375 0.275 0.0859375
4 0.684375 0.7625 0.2703125 0.090625
4 0.66875 0.68125 0.2546875 0.078125
4 0.4125 0.6875 0.2625 0.09375
4 0.403125 0.615625 0.25 0.084375
3 0.665625 0.615625 0.2765625 0.0734375
4 0.4046875 0.55 0.2421875 0.075
4 0.65625 0.546875 0.2421875 0.075
4 0.64375 0.484375 0.2421875 0.0703125
4 0.40625 0.49375 0.2234375 0.0859375
4 0.3984375 0.434375 0.21875 0.06875
4 0.65 0.421875 0.2296875 0.0640625
4 0.403125 0.3921875 0.21875 0.0609375
4 0.61875 0.378125 0.234375 0.05625
4 0.628125 0.340625 0.2375 0.0546875
4 0.4046875 0.334375 0.203125 0.05625
4 0.6125 0.290625 0.2140625 0.059375
4 0.609375 0.2515625 0.203125 0.05625
3 0.4078125 0.2953125 0.20625 0.0515625
3 0.409375 0.25625 0.20625 0.0625
3 0.403125 0.21875 0.1953125 0.05625
3 0.609375 0.209375 0.196875 0.040625
3 0.4125 0.18125 0.1953125 0.04375
3 0.6078125 0.18125 0.2046875 0.04375
3 0.415625 0.146875 0.190625 0.0484375
3 0.6015625 0.146875 0.190625 0.046875
3 0.415625 0.115625 0.171875 0.046875
3 0.578125 0.115625 0.15625 0.0359375
3 0.421875 0.0875 0.1640625 0.0421875
3 0.5890625 0.084375 0.171875 0.0375
3 0.415625 0.05625 0.1609375 0.046875
3 0.578125 0.053125 0.153125 0.0390625
3 0.4171875 0.0203125 0.1609375 0.0390625
3 0.571875 0.0203125 0.1453125 0.0390625
3 0.88515625 0.025 0.1703125 0.05
3 0.9 0.0625 0.1578125 0.0390625
3 0.90625 0.084375 0.146875 0.0421875
3 0.91875 0.115625 0.1265625 0.040625
3 0.921875 0.1515625 0.1234375 0.040625
3 0.9375 0.1828125 0.0953125 0.0375
3 0.9359375 0.225 0.103125 0.0390625
3 0.95 0.259375 0.078125 0.046875
3 0.084375 0.0359375 0.146875 0.0375
3 0.084375 0.05625 0.1484375 0.0515625
3 0.0765625 0.084375 0.1296875 0.046875
3 0.065625 0.1125 0.1296875 0.053125
3 0.071875 0.1453125 0.1421875 0.0671875
3 0.059375 0.178125 0.11875 0.0453125
4 0.059375 0.209375 0.11875 0.065625
4 0.059375 0.23671875 0.11875 0.0671875
4 0.046875 0.2875 0.09375 0.078125
4 0.0453125 0.34375 0.090625 0.0515625
4 0.040625 0.440625 0.078125 0.059375
4 0.0375 0.39375 0.0734375 0.059375
4 0.0375 0.484375 0.075 0.065625
4 0.040625 0.5453125 0.075 0.075