3 0.9609375 0.54375 0.078125 0.2640625
4 0.9765625 0.790625 0.046875 0.1921875
3 0.875 0.590625 0.1703125 0.2828125
4 0.8921875 0.8265625 0.184375 0.20625
4 0.7453125 0.615625 0.171875 0.2875
4 0.628125 0.653125 0.1859375 0.29375
4 0.746875 0.8625 0.1671875 0.20625
4 0.609375 0.89609375 0.171875 0.2078125
3 0.528125 0.690625 0.1796875 0.2984375
4 0.5 0.9046875 0.1703125 0.190625
3 0.409375 0.9125 0.1796875 0.1734375
3 0.30625 0.92421875 0.18125 0.1515625
4 0.4421875 0.703125 0.175 0.259375
4 0.359375 0.734375 0.153125 0.240625
4 0.26875 0.7734375 0.1546875 0.2375
3 0.203125 0.76875 0.15 0.19375
4 0.19375 0.9234375 0.1984375 0.153125
4 0.1359375 0.95859375 0.11875 0.0828125
4 0.1390625 0.7921875 0.16875 0.228125
4 0.078125 0.828125 0.103125 0.2
4 0.934375 0.196875 0.1046875 0.1890625
4 0.84375 0.225 0.1390625 0.1828125
4 0.75 0.271875 0.1421875 0.1703125
3 0.85 0.08125 0.2046875 0.1359375
3 0.665625 0.1671875 0.2140625 0.14375
3 0.5765625 0.34375 0.11875 0.1640625
4 0.659375 0.284375 0.125 0.1796875
4 0.509375 0.371875 0.1265625 0.1703125
4 0.43125 0.4015625 0.1171875 0.171875
3 0.490625 0.2671875 0.1765625 0.109375
3 0.3515625 0.33125 0.153125 0.0953125
3 0.3703125 0.44375 0.109375 0.1640625
4 0.309375 0.45625 0.11875 0.165625
3 0.2515625 0.4875 0.1125 0.1515625
4 0.1984375 0.50625 0.134375 0.1671875
3 0.196875 0.409375 0.1734375 0.1203125
3 0.140625 0.53125 0.14375 0.1890625
3 0.1 0.5515625 0.1421875 0.171875
3 0.7515625 0.028125 0.11875 0.0546875
4 0.67421875 0.04375 0.1046875 0.0875
3 0.490625 0.11875 0.103125 0.11875
3 0.4390625 0.140625 0.103125 0.1328125
3 0.384375 0.171875 0.0921875 0.1078125
3 0.33125 0.2078125 0.09375 0.1125
3 0.290625 0.228125 0.1015625 0.1265625