4 0.2375 0.5828125 0.3328125 0.396875
4 0.1078125 0.6 0.215625 0.359375
3 0.4390625 0.5765625 0.2828125 0.334375
3 0.634375 0.5796875 0.3234375 0.3734375
4 0.8203125 0.5515625 0.3 0.346875
4 0.74375 0.3546875 0.2265625 0.2203125
3 0.584375 0.36875 0.2140625 0.2140625
3 0.44375 0.375 0.2203125 0.2421875
4 0.2875 0.365625 0.215625 0.2328125
4 0.1546875 0.35625 0.1859375 0.2109375
3 0.5484375 0.1828125 0.1421875 0.128125
3 0.446875 0.18125 0.140625 0.1375
4 0.653125 0.1703125 0.1453125 0.1453125
3 0.3484375 0.1875 0.1421875 0.128125
4 0.246875 0.18125 0.1328125 0.1296875