4 0.4609375 0.9046875 0.2625 0.190625
4 0.696875 0.925 0.2546875 0.1484375
4 0.49375 0.8078125 0.334375 0.384375
4 0.709375 0.7921875 0.38125 0.415625
4 0.48125 0.5484375 0.3265625 0.3578125
4 0.690625 0.571875 0.346875 0.3640625
4 0.48125 0.3546875 0.3125 0.3484375
4 0.66875 0.38125 0.2890625 0.2984375
4 0.6546875 0.21875 0.25 0.2734375
4 0.46875 0.19375 0.2703125 0.2828125
4 0.465625 0.0859375 0.2234375 0.171875
4 0.6421875 0.0984375 0.228125 0.1921875
4 0.140625 0.0453125 0.134375 0.090625
4 0.125 0.121875 0.1359375 0.125
4 0.109375 0.228125 0.15 0.15
4 0.0875 0.340625 0.153125 0.1484375
4 0.0671875 0.46875 0.134375 0.1921875
4 0.053125 0.60625 0.10625 0.1953125
4 0.959375 0.2625 0.0796875 0.259375
4 0.94375 0.1546875 0.1109375 0.165625
4 0.928125 0.090625 0.1421875 0.059375