4 0.215625 0.575 0.2125 0.3109375
4 0.071875 0.5984375 0.14375 0.290625
3 0.40625 0.559375 0.18125 0.2609375
3 0.5890625 0.553125 0.2109375 0.2890625
4 0.765625 0.5171875 0.1953125 0.26875
4 0.68125 0.334375 0.165625 0.15625
3 0.53125 0.3546875 0.153125 0.1546875
3 0.4 0.36875 0.146875 0.1828125
4 0.253125 0.36875 0.1484375 0.1734375
4 0.125 0.365625 0.1234375 0.1609375
3 0.4890625 0.18125 0.1078125 0.0875
3 0.390625 0.184375 0.1015625 0.096875
4 0.5875 0.165625 0.1046875 0.1046875
3 0.3 0.196875 0.1078125 0.0875
4 0.203125 0.196875 0.0984375 0.0921875