4 0.690625 0.89375 0.275 0.2
4 0.446875 0.965625 0.2453125 0.0671875
4 0.6125 0.796875 0.38125 0.4046875
4 0.378125 0.821875 0.434375 0.3546875
4 0.525 0.540625 0.38125 0.4140625
4 0.315625 0.6515625 0.403125 0.421875
4 0.446875 0.334375 0.365625 0.4015625
4 0.259375 0.440625 0.3359375 0.346875
4 0.209375 0.265625 0.2921875 0.3171875
4 0.3953125 0.1640625 0.315625 0.328125
4 0.35625 0.075 0.234375 0.15
4 0.1734375 0.146875 0.25625 0.203125
4 0.803125 0.065625 0.2125 0.1296875
4 0.853125 0.159375 0.1796875 0.1671875
4 0.915625 0.290625 0.1375 0.20625
4 0.965625 0.434375 0.06875 0.1984375