3 0.0328125 0.3125 0.05625 0.1203125
3 0.1109375 0.2875 0.103125 0.0984375
3 0.190625 0.2625 0.0859375 0.084375
3 0.2765625 0.253125 0.09375 0.0953125
4 0.359375 0.2375 0.103125 0.134375
3 0.43125 0.2125 0.09375 0.1109375
4 0.5171875 0.1921875 0.09375 0.125
3 0.584375 0.18125 0.0921875 0.1296875
4 0.6640625 0.153125 0.096875 0.134375
4 0.740625 0.1484375 0.090625 0.1375
4 0.80625 0.1265625 0.09375 0.134375
3 0.8765625 0.11875 0.096875 0.1015625
4 0.9484375 0.103125 0.103125 0.13125
3 0.98984375 0.08359375 0.0203125 0.1109375
4 0.05 0.61875 0.1 0.203125
3 0.1421875 0.584375 0.11875 0.1765625
4 0.25 0.5640625 0.1125 0.21875
3 0.359375 0.54375 0.1265625 0.1859375
3 0.45625 0.521875 0.11875 0.1796875
4 0.55 0.4875 0.125 0.1953125
3 0.6375 0.4796875 0.125 0.18125
3 0.7359375 0.4515625 0.128125 0.19375
3 0.8203125 0.425 0.125 0.1984375
4 0.9125 0.4125 0.121875 0.2109375
4 0.971875 0.375 0.05625 0.190625
4 0.44296875 0.97421875 0.1203125 0.0515625
3 0.57734375 0.94921875 0.1296875 0.1015625
3 0.69609375 0.93671875 0.1328125 0.1265625
4 0.8203125 0.9140625 0.125 0.171875
4 0.93046875 0.89296875 0.1171875 0.2140625