4 0.759375 0.35 0.1078125 0.0828125
4 0.65 0.3609375 0.1390625 0.08125
4 0.51875 0.3734375 0.1359375 0.071875
4 0.3796875 0.378125 0.128125 0.0875
4 0.25625 0.375 0.1125 0.0796875
4 0.1546875 0.3734375 0.09375 0.053125
4 0.065625 0.3734375 0.0828125 0.071875
4 0.015625 0.36875 0.03125 0.046875
4 0.921875 0.546875 0.0546875 0.1703125
3 0.884375 0.5515625 0.0765625 0.153125
3 0.834375 0.55625 0.0828125 0.165625
4 0.79375 0.5734375 0.09375 0.190625
4 0.73125 0.578125 0.09375 0.1953125
3 0.684375 0.596875 0.0859375 0.1640625
4 0.61875 0.6046875 0.0828125 0.184375
3 0.553125 0.603125 0.08125 0.1921875
4 0.478125 0.603125 0.0890625 0.196875
4 0.415625 0.609375 0.0859375 0.1921875
4 0.346875 0.603125 0.103125 0.1796875
3 0.284375 0.59375 0.0921875 0.165625
3 0.23125 0.58125 0.0890625 0.15625
3 0.1796875 0.575 0.090625 0.1515625
4 0.134375 0.5765625 0.0984375 0.146875
3 0.090625 0.559375 0.0671875 0.1375
3 0.05625 0.5625 0.0875 0.146875
4 0.028125 0.55 0.0546875 0.1390625
3 0.0125 0.54375 0.0234375 0.1359375