4 0.965625 0.690625 0.06875 0.384375
4 0.853125 0.64375 0.2921875 0.4640625
4 0.7046875 0.59375 0.35 0.45
4 0.559375 0.56875 0.3265625 0.425
4 0.425 0.5 0.315625 0.38125
4 0.290625 0.459375 0.2984375 0.3578125
4 0.184375 0.421875 0.296875 0.3375
4 0.1125 0.40546875 0.225 0.3015625
4 0.0546875 0.371875 0.109375 0.278125
4 0.353125 0.80234375 0.459375 0.3953125
4 0.209375 0.78125 0.396875 0.4359375
3 0.51875 0.821875 0.3921875 0.35625
3 0.146875 0.7390625 0.2921875 0.453125
3 0.0875 0.628125 0.175 0.3578125
4 0.4703125 0.1109375 0.1875 0.221875
3 0.378125 0.1046875 0.1890625 0.2015625
4 0.296875 0.103125 0.171875 0.1796875
4 0.2203125 0.10625 0.1625 0.1515625
3 0.1375 0.11875 0.128125 0.1125