4 0.1359375 0.7375 0.271875 0.4609375
4 0.271875 0.640625 0.3328125 0.459375
4 0.415625 0.56875 0.309375 0.4359375
4 0.5328125 0.45625 0.303125 0.3875
4 0.659375 0.36875 0.2875 0.3625
4 0.759375 0.296875 0.2890625 0.340625
4 0.8515625 0.2515625 0.2671875 0.3046875
4 0.91484375 0.190625 0.1703125 0.29375
4 0.7203125 0.775 0.45 0.45
4 0.8296875 0.7 0.340625 0.4828125
3 0.55 0.82109375 0.378125 0.3578125
3 0.88125 0.60625 0.2359375 0.4578125
3 0.92421875 0.46796875 0.1515625 0.3671875
4 0.35859375 0.090625 0.1796875 0.18125
3 0.453125 0.065625 0.178125 0.13125
4 0.5375 0.046875 0.1515625 0.09375
4 0.61875 0.028125 0.1453125 0.053125