4 0.9578125 0.678125 0.078125 0.2109375
4 0.925 0.7046875 0.1375 0.196875
4 0.88125 0.734375 0.1703125 0.2140625
3 0.8125 0.75 0.1671875 0.2015625
4 0.75 0.78125 0.16875 0.2171875
3 0.684375 0.8109375 0.1515625 0.2
3 0.621875 0.84375 0.1640625 0.2171875
4 0.55625 0.875 0.1625 0.2203125
3 0.4921875 0.9 0.13125 0.19375
4 0.41875 0.909375 0.165625 0.18125
4 0.3234375 0.909375 0.159375 0.1703125
4 0.246875 0.890625 0.1984375 0.2
4 0.196875 0.840625 0.1875 0.1984375
3 0.159375 0.778125 0.1546875 0.1609375
4 0.1296875 0.71875 0.178125 0.1515625
3 0.0875 0.66875 0.1640625 0.1421875
4 0.0640625 0.609375 0.128125 0.1359375
3 0.728125 0.5 0.1140625 0.1328125
3 0.665625 0.484375 0.121875 0.1609375
3 0.609375 0.471875 0.1046875 0.153125
3 0.55625 0.46875 0.1125 0.1484375
3 0.5 0.45625 0.1015625 0.1390625
3 0.440625 0.44375 0.1046875 0.1453125
3 0.390625 0.440625 0.1 0.1203125
3 0.5421875 0.5875 0.103125 0.14375
4 0.4765625 0.5796875 0.115625 0.15625
3 0.4234375 0.5625 0.11875 0.146875
4 0.353125 0.559375 0.1203125 0.1359375
3 0.3125 0.540625 0.1234375 0.1421875
4 0.259375 0.53125 0.1171875 0.1359375
4 0.340625 0.41875 0.1109375 0.1328125
4 0.2890625 0.4125 0.1125 0.1234375
4 0.125 0.3875 0.1234375 0.1265625
4 0.175 0.3953125 0.10625 0.128125
4 0.225 0.409375 0.121875 0.1390625
4 0.05 0.184375 0.0640625 0.10625
4 0.06875 0.184375 0.0921875 0.1109375
4 0.1125 0.2 0.0953125 0.1140625
4 0.1578125 0.2015625 0.1 0.1125
4 0.19375 0.2125 0.0859375 0.103125
4 0.2359375 0.225 0.09375 0.1109375
4 0.2890625 0.23125 0.09375 0.1140625
4 0.340625 0.2375 0.103125 0.0953125
3 0.39375 0.240625 0.1046875 0.1015625
4 0.4421875 0.25 0.096875 0.0984375
3 0.49375 0.25625 0.1046875 0.0984375
4 0.540625 0.265625 0.1046875 0.0953125
4 0.590625 0.26875 0.0953125 0.103125
4 0.65 0.26875 0.1015625 0.0984375
4 0.70625 0.2796875 0.1078125 0.1
4 0.7625 0.284375 0.0953125 0.0953125
4 0.8171875 0.284375 0.084375 0.090625
4 0.88125 0.3 0.0953125 0.0984375
4 0.940625 0.30625 0.0984375 0.103125
4 0.978125 0.30625 0.0421875 0.1140625