3 0.84375 0.240625 0.23125 0.2828125
3 0.721875 0.321875 0.2046875 0.28125
4 0.884375 0.5390625 0.2296875 0.39375
4 0.76875 0.596875 0.2890625 0.3796875
4 0.6375 0.625 0.2796875 0.38125
4 0.609375 0.353125 0.1921875 0.2546875
4 0.503125 0.375 0.1859375 0.246875
3 0.51875 0.6625 0.2546875 0.3578125
4 0.4140625 0.6921875 0.2375 0.3375
3 0.325 0.70625 0.2421875 0.3421875
3 0.2421875 0.725 0.259375 0.3453125
4 0.1375 0.734375 0.2515625 0.3375
3 0.421875 0.428125 0.1921875 0.2625
4 0.3421875 0.440625 0.178125 0.2265625
4 0.253125 0.4671875 0.1734375 0.246875
4 0.18125 0.490625 0.146875 0.1921875
3 0.128125 0.509375 0.1609375 0.2015625
4 0.078125 0.53125 0.1546875 0.20625
4 0.078125 0.753125 0.1234375 0.26875
4 0.7828125 0.01875 0.153125 0.0375
4 0.6765625 0.04375 0.153125 0.0875
4 0.5875 0.065625 0.1515625 0.1296875
4 0.50546875 0.084375 0.1453125 0.16875
3 0.440625 0.115625 0.1296875 0.1515625
4 0.371875 0.146875 0.1421875 0.1671875
4 0.3046875 0.178125 0.13125 0.1640625
3 0.253125 0.21875 0.134375 0.1765625
4 0.203125 0.234375 0.1453125 0.1703125
3 0.15 0.25625 0.1140625 0.1609375
4 0.1 0.284375 0.1234375 0.1640625
3 0.0609375 0.3203125 0.121875 0.16875
3 0.040625 0.35 0.08125 0.1671875
4 0.0328125 0.5625 0.065625 0.203125