3 0.675 0.78125 0.128125 0.3078125
4 0.59375 0.7671875 0.125 0.3
4 0.50625 0.75 0.1328125 0.3171875
4 0.415625 0.7296875 0.1109375 0.3
3 0.328125 0.71875 0.1359375 0.303125
4 0.2375 0.715625 0.1453125 0.3015625
3 0.1640625 0.7109375 0.175 0.3125
3 0.0875 0.6875 0.1625 0.3109375
4 0.7859375 0.3390625 0.10625 0.221875
4 0.7203125 0.3234375 0.09375 0.23125
3 0.65625 0.3125 0.0890625 0.19375
4 0.5921875 0.290625 0.09375 0.19375
4 0.5265625 0.28125 0.10625 0.190625
4 0.453125 0.275 0.1171875 0.2046875
4 0.38125 0.25625 0.125 0.23125
3 0.31875 0.24375 0.11875 0.2046875
3 0.25625 0.228125 0.1171875 0.2265625