4 0.2015625 0.715625 0.296875 0.3515625
4 0.4203125 0.74375 0.2828125 0.3203125
4 0.590625 0.8015625 0.315625 0.3421875
4 0.7734375 0.83671875 0.33125 0.3265625
4 0.890625 0.85625 0.13125 0.2265625
3 0.396875 0.528125 0.3171875 0.228125
4 0.575 0.5625 0.3125 0.2328125
4 0.75 0.603125 0.3 0.225
4 0.88125 0.65625 0.215625 0.1828125
4 0.9625 0.65 0.0625 0.146875
4 0.58125 0.378125 0.1734375 0.1609375
4 0.678125 0.4234375 0.171875 0.1390625
4 0.796875 0.45625 0.1765625 0.1328125
3 0.9046875 0.4859375 0.1609375 0.1265625
4 0.9671875 0.509375 0.065625 0.1296875
4 0.0875 0.2875 0.109375 0.0828125
4 0.121875 0.253125 0.146875 0.0859375
4 0.14375 0.221875 0.1625 0.075
4 0.1765625 0.209375 0.1625 0.0796875
4 0.2078125 0.1875 0.1484375 0.0703125
4 0.225 0.16875 0.1578125 0.065625
4 0.2359375 0.153125 0.1859375 0.075
4 0.271875 0.14375 0.1578125 0.065625