4 0.2125 0.715625 0.303125 0.3640625
4 0.4359375 0.66875 0.290625 0.3296875
4 0.625 0.66875 0.325 0.3515625
4 0.815625 0.64375 0.340625 0.3359375
4 0.93359375 0.61484375 0.1328125 0.2421875
3 0.3375 0.465625 0.3296875 0.234375
4 0.528125 0.440625 0.3234375 0.2390625
4 0.7125 0.41875 0.3109375 0.23125
4 0.875 0.421875 0.25 0.1984375
4 0.953125 0.3875 0.09375 0.1671875
4 0.4703125 0.25625 0.178125 0.1640625
4 0.5828125 0.2671875 0.178125 0.14375
4 0.709375 0.259375 0.1828125 0.1359375
3 0.8265625 0.253125 0.165625 0.128125
4 0.93046875 0.24296875 0.1390625 0.1484375
4 0.0375 0.296875 0.0328125 0.0671875
4 0.053125 0.259375 0.046875 0.0578125
4 0.065625 0.234375 0.0671875 0.065625
4 0.078125 0.2 0.0796875 0.0578125
4 0.0875 0.175 0.0890625 0.053125
4 0.1 0.159375 0.1078125 0.0625
4 0.109375 0.134375 0.11875 0.059375