3 0.309375 0.7625 0.184375 0.3609375
4 0.4 0.7375 0.18125 0.353125
4 0.49375 0.7046875 0.1921875 0.3703125
4 0.5953125 0.6703125 0.1640625 0.3484375
3 0.69375 0.64375 0.19375 0.35625
4 0.79375 0.6296875 0.203125 0.35625
3 0.8765625 0.6125 0.2390625 0.371875
3 0.921875 0.575 0.1546875 0.3671875
4 0.121875 0.278125 0.15 0.2609375
4 0.19375 0.253125 0.1359375 0.2703125
3 0.265625 0.23125 0.125 0.228125
4 0.334375 0.196875 0.13125 0.2296875
4 0.4078125 0.1765625 0.14375 0.225
4 0.490625 0.159375 0.159375 0.2453125
4 0.5671875 0.134375 0.171875 0.2671875
3 0.6375 0.115625 0.1609375 0.2296875
3 0.70625 0.1078125 0.1609375 0.215625