4 0.16875 0.640625 0.14375 0.3953125
4 0.2 0.240625 0.1671875 0.3703125
3 0.334375 0.2546875 0.1484375 0.30625
3 0.309375 0.678125 0.1515625 0.365625
3 0.4375 0.690625 0.1515625 0.3546875
4 0.4671875 0.26875 0.15625 0.3375
4 0.6109375 0.3140625 0.15 0.365625
4 0.56875 0.6984375 0.1171875 0.38125
4 0.7 0.7171875 0.1359375 0.359375
4 0.834375 0.7375 0.15625 0.3515625
4 0.953125 0.753125 0.090625 0.359375
3 0.728125 0.321875 0.159375 0.3453125
4 0.865625 0.328125 0.159375 0.34375
4 0.959375 0.35 0.0796875 0.3578125