4 0.0625 0.9515625 0.1234375 0.09375
4 0.10625 0.9078125 0.15625 0.121875
3 0.1375 0.859375 0.1640625 0.1203125
4 0.1640625 0.803125 0.153125 0.1015625
4 0.2109375 0.759375 0.153125 0.11875
3 0.2484375 0.715625 0.146875 0.1203125
4 0.2796875 0.671875 0.165625 0.103125
3 0.30625 0.6296875 0.1484375 0.090625
4 0.334375 0.584375 0.1421875 0.09375
4 0.3828125 0.53125 0.11875 0.0953125
4 0.2875 0.9609375 0.171875 0.071875
4 0.3296875 0.9 0.178125 0.109375
4 0.36875 0.834375 0.1703125 0.09375
4 0.396875 0.803125 0.15 0.1109375
4 0.4125 0.7578125 0.1390625 0.0875
4 0.44375 0.70625 0.1578125 0.1015625
4 0.471875 0.6625 0.1609375 0.1140625
3 0.49375 0.63125 0.1640625 0.0953125
4 0.528125 0.575 0.146875 0.1140625
4 0.7875 0.9625 0.18125 0.0734375
4 0.809375 0.915625 0.1796875 0.0953125
4 0.825 0.865625 0.1578125 0.09375
3 0.8484375 0.81875 0.15625 0.0953125
4 0.865625 0.76875 0.159375 0.0859375
4 0.884375 0.725 0.178125 0.0890625
3 0.9 0.68125 0.1703125 0.0859375
4 0.05625 0.45234375 0.1125 0.0953125
4 0.0328125 0.50625 0.065625 0.0828125
4 0.175 0.296875 0.1296875 0.0859375
3 0.04375 0.265625 0.0875 0.071875
4 0.484375 0.3796875 0.1390625 0.090625
4 0.665625 0.371875 0.1125 0.078125
4 0.640625 0.403125 0.125 0.09375
3 0.6796875 0.340625 0.1375 0.0953125
4 0.7078125 0.3046875 0.109375 0.090625
4 0.7125 0.271875 0.1328125 0.0890625
4 0.734375 0.246875 0.1296875 0.0859375
4 0.75625 0.2203125 0.1328125 0.078125
4 0.7703125 0.19375 0.125 0.0875
4 0.784375 0.165625 0.1296875 0.0734375
4 0.8046875 0.140625 0.121875 0.0734375
3 0.8125 0.1265625 0.1328125 0.0625
3 0.825 0.1015625 0.1296875 0.0625
3 0.503125 0.334375 0.15 0.0859375
3 0.525 0.296875 0.15625 0.0859375
4 0.5484375 0.271875 0.1375 0.078125
3 0.5640625 0.2453125 0.1375 0.065625
3 0.5875 0.2234375 0.1296875 0.0625
3 0.60625 0.1984375 0.1296875 0.071875
3 0.6265625 0.171875 0.140625 0.0640625
3 0.6390625 0.146875 0.1375 0.0640625
3 0.659375 0.121875 0.1390625 0.0625
3 0.68125 0.1 0.1328125 0.0703125
4 0.196875 0.24375 0.1234375 0.090625
4 0.221875 0.215625 0.1328125 0.053125
4 0.05625 0.215625 0.10625 0.0796875
3 0.0734375 0.2 0.109375 0.0796875
3 0.1125 0.175 0.1328125 0.071875
3 0.146875 0.15 0.1265625 0.0703125
3 0.16875 0.128125 0.1140625 0.0703125
3 0.196875 0.10625 0.1078125 0.0703125
3 0.2671875 0.2125 0.125 0.0546875
3 0.2875 0.1875 0.1484375 0.0390625
3 0.2875 0.1640625 0.1296875 0.040625
3 0.3125 0.13125 0.1234375 0.0328125
4 0.35 0.0984375 0.1296875 0.065625
3 0.36875 0.0734375 0.1484375 0.065625
4 0.9546875 0.471875 0.0875 0.0546875
4 0.95859375 0.43046875 0.0828125 0.0640625