4 0.228125 0.3078125 0.121875 0.3390625
3 0.234375 0.71875 0.1125 0.334375
4 0.35 0.3078125 0.1203125 0.3296875
4 0.46875 0.3109375 0.10625 0.34375
4 0.575 0.31875 0.1140625 0.3296875
3 0.6921875 0.321875 0.121875 0.3390625
3 0.8109375 0.3171875 0.1140625 0.340625
4 0.921875 0.3125 0.1109375 0.3375
3 0.3484375 0.7171875 0.1109375 0.3515625
4 0.4625 0.70625 0.125 0.334375
4 0.58125 0.7109375 0.1109375 0.334375
4 0.69375 0.71875 0.1140625 0.3515625
3 0.80625 0.715625 0.11875 0.340625
3 0.9203125 0.715625 0.1171875 0.3390625