4 0.8828125 0.4484375 0.0671875 0.1390625
4 0.821875 0.446875 0.059375 0.1421875
4 0.7609375 0.45 0.05625 0.1421875
4 0.7 0.4421875 0.05625 0.146875
4 0.640625 0.440625 0.0640625 0.1421875
4 0.578125 0.4390625 0.065625 0.1390625
4 0.521875 0.44375 0.06875 0.1453125
3 0.4609375 0.4453125 0.065625 0.1390625
3 0.4 0.44375 0.0703125 0.134375
4 0.34375 0.446875 0.065625 0.13125
4 0.2828125 0.446875 0.0671875 0.1453125
3 0.23125 0.45 0.065625 0.1453125
3 0.175 0.45 0.0703125 0.134375
4 0.1171875 0.45625 0.0671875 0.1453125
3 0.0625 0.45 0.0734375 0.15
3 0.021875 0.446875 0.04375 0.134375
4 0.9140625 0.8203125 0.078125 0.178125
4 0.8390625 0.8265625 0.08125 0.153125
3 0.765625 0.821875 0.0734375 0.15625
4 0.696875 0.825 0.0765625 0.146875
4 0.63125 0.828125 0.0671875 0.159375
4 0.559375 0.83125 0.065625 0.1703125
4 0.496875 0.821875 0.0734375 0.1703125
4 0.4265625 0.825 0.0609375 0.1703125
4 0.3625 0.8296875 0.065625 0.178125
3 0.2921875 0.825 0.0671875 0.1671875
4 0.228125 0.821875 0.0625 0.153125
4 0.165625 0.8203125 0.0640625 0.1671875
4 0.103125 0.825 0.0671875 0.159375
4 0.0375 0.8234375 0.0625 0.15625
3 0.00625 0.825 0.0125 0.1484375