4 0.709375 0.815625 0.1 0.0734375
4 0.703125 0.7515625 0.10625 0.0625
4 0.690625 0.696875 0.0921875 0.0421875
4 0.675 0.65625 0.0859375 0.046875
4 0.6640625 0.6125 0.08125 0.0484375
4 0.359375 0.7796875 0.0875 0.121875
4 0.31875 0.7296875 0.0796875 0.109375
4 0.2828125 0.6890625 0.0828125 0.1015625
4 0.2453125 0.65625 0.078125 0.090625
4 0.303125 0.41875 0.05625 0.0578125
4 0.334375 0.4 0.0640625 0.053125
4 0.365625 0.3796875 0.0484375 0.0515625
4 0.4 0.359375 0.0484375 0.05625
4 0.5578125 0.215625 0.0390625 0.0203125
3 0.55625 0.23125 0.0515625 0.025
4 0.5578125 0.2484375 0.046875 0.03125
4 0.5625 0.259375 0.0640625 0.025
4 0.5671875 0.271875 0.065625 0.028125
4 0.575 0.2875 0.0609375 0.0234375
4 0.5734375 0.3 0.0546875 0.0296875
4 0.578125 0.309375 0.0515625 0.0328125
4 0.5875 0.33125 0.05625 0.040625