4 0.734375 0.4046875 0.109375 0.071875
4 0.85625 0.5625 0.1265625 0.0703125
3 0.7359375 0.4890625 0.11875 0.071875
3 0.7359375 0.56875 0.11875 0.075
3 0.853125 0.646875 0.11875 0.0796875
3 0.853125 0.73125 0.1265625 0.0859375
3 0.853125 0.809375 0.134375 0.0796875
4 0.734375 0.65 0.11875 0.0796875
4 0.728125 0.734375 0.11875 0.0921875
4 0.728125 0.8140625 0.11875 0.075
3 0.7265625 0.8921875 0.125 0.075
3 0.728125 0.96875 0.13125 0.059375
4 0.853125 0.89375 0.1296875 0.0796875
4 0.85625 0.965625 0.128125 0.065625
4 0.4390625 0.9 0.125 0.08125
4 0.3171875 0.971875 0.121875 0.0515625
4 0.4421875 0.9734375 0.121875 0.046875
3 0.3140625 0.896875 0.125 0.0671875
3 0.4453125 0.8171875 0.125 0.08125
3 0.321875 0.809375 0.1140625 0.075
4 0.45 0.728125 0.1234375 0.0703125
4 0.321875 0.7265625 0.11875 0.071875
3 0.325 0.64375 0.1234375 0.0671875
4 0.328125 0.478125 0.1296875 0.0828125
4 0.33125 0.565625 0.13125 0.0703125
3 0.45 0.646875 0.1234375 0.0796875
3 0.45 0.5640625 0.1265625 0.075
3 0.4515625 0.484375 0.128125 0.0765625
3 0.3296875 0.4046875 0.125 0.071875
3 0.3375 0.321875 0.1171875 0.075
3 0.4578125 0.3265625 0.11875 0.071875
4 0.45625 0.4046875 0.1265625 0.071875
3 0.459375 0.2421875 0.11875 0.065625
4 0.340625 0.24375 0.1140625 0.0703125
4 0.465625 0.1625 0.1140625 0.0703125
4 0.34375 0.1625 0.121875 0.0671875
4 0.46875 0.0875 0.121875 0.0765625
4 0.3421875 0.0859375 0.11875 0.065625
4 0.46875 0.021875 0.128125 0.04375
4 0.3421875 0.025 0.121875 0.0484375
4 0.06875 0.025 0.11875 0.05
3 0.071875 0.08125 0.1140625 0.0640625
4 0.065625 0.159375 0.1296875 0.0828125
4 0.0578125 0.40625 0.115625 0.0640625
4 0.05625 0.48359375 0.1125 0.0828125
4 0.05625 0.5703125 0.1125 0.084375
3 0.053125 0.65546875 0.10625 0.0859375
4 0.053125 0.7375 0.10625 0.0765625
4 0.053125 0.821875 0.10625 0.0796875
4 0.05 0.8984375 0.0984375 0.071875
4 0.05 0.971875 0.1 0.0515625