3 0.5890625 0.7888888888888889 0.415625 0.11666666666666667
3 0.2109375 0.8083333333333333 0.3703125 0.12777777777777777
4 0.0796875 0.6444444444444445 0.1578125 0.14444444444444443
3 0.1984375 0.6694444444444444 0.0921875 0.1
3 0.3203125 0.6583333333333333 0.1109375 0.09444444444444444
3 0.4484375 0.6472222222222223 0.121875 0.08333333333333333
3 0.565625 0.6416666666666667 0.125 0.08888888888888889
3 0.69375 0.6305555555555555 0.1328125 0.09444444444444444
3 0.8359375 0.6222222222222222 0.153125 0.09722222222222222
3 0.43125 0.5055555555555555 0.0765625 0.058333333333333334
4 0.3609375 0.49722222222222223 0.0765625 0.07777777777777778
4 0.503125 0.49166666666666664 0.0734375 0.06944444444444445
4 0.5734375 0.4777777777777778 0.0734375 0.08055555555555556
4 0.646875 0.46944444444444444 0.0734375 0.08611111111111111