3 0.16875 0.6916666666666667 0.2359375 0.4
3 0.4171875 0.6611111111111111 0.259375 0.39444444444444443
3 0.659375 0.6222222222222222 0.228125 0.4083333333333333
4 0.8890625 0.575 0.2203125 0.3972222222222222
3 0.28125 0.2972222222222222 0.3109375 0.07777777777777778
3 0.209375 0.20555555555555555 0.11875 0.07222222222222222
3 0.3203125 0.19444444444444445 0.1109375 0.06944444444444445
3 0.4234375 0.19166666666666668 0.10625 0.06666666666666667
3 0.525 0.175 0.103125 0.06944444444444445
3 0.6265625 0.16666666666666666 0.1 0.06666666666666667
4 0.2890625 0.07777777777777778 0.06875 0.06388888888888888
4 0.0890625 0.18055555555555555 0.121875 0.1361111111111111
3 0.5734375 0.2777777777777778 0.284375 0.08888888888888889
3 0.7234375 0.1527777777777778 0.0984375 0.06111111111111111
3 0.2203125 0.09444444444444444 0.0671875 0.03888888888888889
3 0.3578125 0.08333333333333333 0.0734375 0.04722222222222222
4 0.4234375 0.06944444444444445 0.0640625 0.06388888888888888
4 0.4875 0.06666666666666667 0.0640625 0.05555555555555555
4 0.5515625 0.06111111111111111 0.0609375 0.058333333333333334