4 0.1296875 0.1361111111111111 0.134375 0.11388888888888889
3 0.2453125 0.15555555555555556 0.1171875 0.06666666666666667
3 0.2546875 0.05 0.078125 0.05277777777777778
3 0.3875 0.044444444444444446 0.0734375 0.05
4 0.321875 0.03611111111111111 0.0703125 0.06944444444444445
4 0.45625 0.03333333333333333 0.0671875 0.06388888888888888
3 0.5578125 0.14722222222222223 0.1109375 0.058333333333333334
3 0.3546875 0.15555555555555556 0.0984375 0.06666666666666667
3 0.4515625 0.15555555555555556 0.10625 0.06666666666666667
3 0.65625 0.14444444444444443 0.1125 0.06111111111111111
3 0.7625 0.1361111111111111 0.10625 0.06666666666666667
3 0.60625 0.23333333333333334 0.29375 0.08333333333333333
3 0.309375 0.24444444444444444 0.30625 0.08055555555555556
3 0.440625 0.6388888888888888 0.25625 0.37777777777777777
3 0.1765625 0.65 0.2703125 0.39166666666666666
3 0.6921875 0.6194444444444445 0.2484375 0.38333333333333336
4 0.909375 0.5638888888888889 0.1796875 0.4666666666666667