3 0.1828125 0.6472222222222223 0.28125 0.40555555555555556
3 0.4546875 0.6388888888888888 0.2703125 0.3972222222222222
3 0.7046875 0.6361111111111111 0.2875 0.4
4 0.890625 0.5722222222222222 0.21875 0.48333333333333334
3 0.6265625 0.25 0.30625 0.07777777777777778
3 0.33125 0.25277777777777777 0.3015625 0.08055555555555556
4 0.04375 0.13333333333333333 0.0859375 0.13055555555555556
4 0.1484375 0.13333333333333333 0.125 0.13055555555555556
3 0.2671875 0.05 0.08125 0.05277777777777778
3 0.2640625 0.1638888888888889 0.1109375 0.058333333333333334
3 0.36875 0.16666666666666666 0.1078125 0.058333333333333334
3 0.4046875 0.05277777777777778 0.0734375 0.04722222222222222
4 0.3390625 0.03888888888888889 0.0765625 0.07777777777777778
4 0.471875 0.03888888888888889 0.06875 0.075
4 0.5375 0.03611111111111111 0.0671875 0.06944444444444445
4 0.603125 0.03611111111111111 0.0734375 0.06944444444444445
3 0.575 0.16111111111111112 0.1140625 0.06388888888888888
3 0.6765625 0.15555555555555556 0.10625 0.06111111111111111
3 0.7734375 0.1527777777777778 0.1 0.06111111111111111
3 0.4703125 0.1638888888888889 0.1078125 0.06388888888888888