4 0.8828125 0.6194444444444445 0.234375 0.41944444444444445
4 0.0359375 0.18055555555555555 0.0703125 0.125
4 0.1375 0.18055555555555555 0.13125 0.12222222222222222
4 0.325 0.07222222222222222 0.06875 0.08888888888888889
4 0.45625 0.07777777777777778 0.06875 0.06944444444444445
4 0.5203125 0.07222222222222222 0.06875 0.07777777777777778
4 0.584375 0.06666666666666667 0.0609375 0.08611111111111111
4 0.65 0.06666666666666667 0.0671875 0.08055555555555556
3 0.390625 0.09166666666666666 0.071875 0.04722222222222222
3 0.25625 0.09444444444444444 0.075 0.05
3 0.25 0.20277777777777778 0.1140625 0.06388888888888888
3 0.353125 0.20277777777777778 0.103125 0.06388888888888888
3 0.453125 0.2 0.1078125 0.058333333333333334
3 0.5578125 0.19722222222222222 0.1140625 0.06111111111111111
3 0.6546875 0.19166666666666668 0.109375 0.06111111111111111
3 0.759375 0.18611111111111112 0.1109375 0.06111111111111111
3 0.1734375 0.6805555555555556 0.33125 0.39444444444444443
3 0.4484375 0.675 0.2875 0.3888888888888889
3 0.690625 0.6611111111111111 0.2953125 0.39166666666666666
3 0.60625 0.28055555555555556 0.290625 0.07777777777777778
3 0.3125 0.28888888888888886 0.3046875 0.075