4 0.0703125 0.5638888888888889 0.140625 0.14722222222222223
3 0.1953125 0.5861111111111111 0.1625 0.09166666666666666
3 0.2984375 0.5916666666666667 0.1140625 0.10555555555555556
3 0.421875 0.5777777777777777 0.1359375 0.10833333333333334
3 0.5484375 0.5722222222222222 0.1375 0.11666666666666667
3 0.6828125 0.5638888888888889 0.1390625 0.12777777777777777
3 0.828125 0.5583333333333333 0.1546875 0.12222222222222222
3 0.58125 0.7222222222222222 0.421875 0.11388888888888889
3 0.2046875 0.7388888888888889 0.3546875 0.10555555555555556
4 0.5609375 0.4083333333333333 0.0734375 0.08333333333333333
4 0.6328125 0.4027777777777778 0.071875 0.075
4 0.4875 0.4166666666666667 0.0765625 0.06944444444444445