4 0.1140625 0.18125 0.1296875 0.1203125
3 0.425 0.66875 0.25 0.39375
4 0.509375 0.075 0.06875 0.078125
3 0.2359375 0.2078125 0.1125 0.065625
3 0.34375 0.2046875 0.1 0.0625
3 0.440625 0.203125 0.103125 0.0625
3 0.540625 0.2 0.103125 0.065625
3 0.6421875 0.196875 0.103125 0.0640625
3 0.7453125 0.190625 0.1015625 0.0640625
3 0.5953125 0.284375 0.296875 0.0859375
3 0.3015625 0.303125 0.3078125 0.078125
3 0.1609375 0.690625 0.26875 0.3828125
3 0.6765625 0.65625 0.259375 0.3953125
3 0.3765625 0.0953125 0.071875 0.05
4 0.44375 0.078125 0.06875 0.0796875
3 0.2390625 0.0984375 0.0765625 0.0484375
4 0.903125 0.596875 0.19375 0.5078125
4 0.3109375 0.078125 0.071875 0.0875