3 0.5046875 0.30833333333333335 0.1125 0.1
4 0.403125 0.28055555555555556 0.13125 0.15
4 0.509375 0.14444444444444443 0.0703125 0.07777777777777778
3 0.615625 0.30277777777777776 0.1109375 0.10833333333333334
3 0.884375 0.2611111111111111 0.153125 0.12222222222222222
4 0.7375 0.25277777777777777 0.1359375 0.17222222222222222
3 0.56875 0.1527777777777778 0.0578125 0.06111111111111111
3 0.634375 0.13333333333333333 0.078125 0.05555555555555555
3 0.7125 0.10833333333333334 0.0828125 0.06111111111111111
3 0.7921875 0.09166666666666666 0.0890625 0.06666666666666667
3 0.8796875 0.07777777777777778 0.0953125 0.06944444444444445
3 0.5203125 0.44166666666666665 0.3328125 0.11944444444444445