4 0.0765625 0.1527777777777778 0.1390625 0.13333333333333333
3 0.203125 0.16666666666666666 0.121875 0.06944444444444445
3 0.259375 0.2611111111111111 0.3140625 0.08333333333333333
3 0.5625 0.22777777777777777 0.296875 0.08611111111111111
4 0.8578125 0.46944444444444444 0.2828125 0.3638888888888889
3 0.621875 0.5638888888888889 0.246875 0.3416666666666667
3 0.3859375 0.6138888888888889 0.2765625 0.37222222222222223
3 0.1328125 0.6388888888888888 0.23125 0.36944444444444446
3 0.30625 0.15833333333333333 0.109375 0.06944444444444445
3 0.4078125 0.15 0.10625 0.05555555555555555
3 0.509375 0.14166666666666666 0.103125 0.06388888888888888
3 0.6109375 0.125 0.103125 0.06944444444444445
3 0.7140625 0.1111111111111111 0.103125 0.06111111111111111
3 0.8203125 0.10277777777777777 0.1125 0.06111111111111111