3 0.190625 0.8194444444444444 0.3765625 0.11388888888888889
3 0.5671875 0.775 0.3890625 0.125
3 0.66875 0.6166666666666667 0.1359375 0.09444444444444444
3 0.5390625 0.6333333333333333 0.1265625 0.09444444444444444
3 0.415625 0.6472222222222223 0.1265625 0.10833333333333334
3 0.2875 0.6638888888888889 0.1109375 0.10555555555555556
3 0.15625 0.6833333333333333 0.103125 0.09166666666666666
4 0.0625 0.6722222222222223 0.1234375 0.14722222222222223
4 0.4734375 0.4888888888888889 0.071875 0.08055555555555556
4 0.54375 0.475 0.0734375 0.06944444444444445
3 0.40625 0.5083333333333333 0.071875 0.058333333333333334
3 0.8140625 0.5944444444444444 0.153125 0.09722222222222222
4 0.6171875 0.46111111111111114 0.0703125 0.07777777777777778
4 0.3296875 0.49722222222222223 0.0796875 0.08611111111111111