3 0.771875 0.7328125 0.4046875 0.278125
3 0.675 0.425 0.2296875 0.1
4 0.15625 0.225 0.2015625 0.1109375
3 0.4140625 0.409375 0.14375 0.1390625
3 0.4515625 0.325 0.1 0.08125
3 0.7546875 0.8953125 0.35 0.209375
4 0.64375 0.30625 0.1546875 0.0984375
4 0.9125 0.28125 0.13125 0.0765625
3 0.6875 0.4875 0.253125 0.1296875
3 0.321875 0.615625 0.3046875 0.3640625
3 0.7203125 0.58125 0.315625 0.171875
3 0.4671875 0.278125 0.090625 0.0546875
3 0.0859375 0.303125 0.10625 0.0609375
3 0.6640625 0.384375 0.209375 0.0828125
3 0.97734375 0.33046875 0.0453125 0.0515625
3 0.484375 0.2453125 0.06875 0.04375