4 0.175 0.14444444444444443 0.134375 0.11388888888888889
3 0.2875 0.16666666666666666 0.1109375 0.06944444444444445
3 0.290625 0.06388888888888888 0.078125 0.05277777777777778
3 0.4265625 0.05555555555555555 0.0734375 0.05
4 0.3625 0.041666666666666664 0.0703125 0.08333333333333333
4 0.4921875 0.03888888888888889 0.0703125 0.075
3 0.5921875 0.1638888888888889 0.1109375 0.06111111111111111
3 0.3921875 0.16666666666666666 0.0984375 0.07222222222222222
3 0.4890625 0.16666666666666666 0.10625 0.06666666666666667
3 0.696875 0.15833333333333333 0.1125 0.06388888888888888
3 0.80625 0.15555555555555556 0.10625 0.06388888888888888
3 0.640625 0.25555555555555554 0.29375 0.08333333333333333
3 0.35 0.25833333333333336 0.30625 0.08055555555555556
3 0.4765625 0.6277777777777778 0.25625 0.4
3 0.215625 0.6444444444444445 0.2703125 0.39166666666666666
3 0.715625 0.6361111111111111 0.2484375 0.38333333333333336
4 0.90625 0.5916666666666667 0.1859375 0.4666666666666667