4 0.078125 0.21666666666666667 0.096875 0.1361111111111111
4 0.1859375 0.2111111111111111 0.1234375 0.12222222222222222
4 0.3703125 0.11666666666666667 0.078125 0.08333333333333333
3 0.3046875 0.1361111111111111 0.0796875 0.05277777777777778
3 0.3 0.24444444444444444 0.1140625 0.06388888888888888
3 0.4 0.2361111111111111 0.1 0.06388888888888888
3 0.4921875 0.23333333333333334 0.10625 0.06111111111111111
3 0.353125 0.3277777777777778 0.2984375 0.08888888888888889
3 0.6484375 0.3111111111111111 0.3015625 0.08055555555555556
3 0.20625 0.7111111111111111 0.3140625 0.3888888888888889
3 0.46875 0.7027777777777777 0.259375 0.4
3 0.7265625 0.6916666666666667 0.296875 0.39166666666666666
4 0.9015625 0.625 0.196875 0.5055555555555555
3 0.596875 0.225 0.1140625 0.06111111111111111
3 0.8015625 0.2111111111111111 0.1265625 0.07222222222222222
3 0.6984375 0.21666666666666667 0.1078125 0.06666666666666667
3 0.434375 0.125 0.0703125 0.05277777777777778
4 0.63125 0.09166666666666666 0.0671875 0.08611111111111111
4 0.565625 0.1 0.065625 0.07777777777777778
4 0.5015625 0.10833333333333334 0.065625 0.075