3 0.178125 0.7194444444444444 0.3046875 0.3333333333333333
3 0.4390625 0.6777777777777778 0.2359375 0.3388888888888889
4 0.678125 0.5638888888888889 0.2921875 0.3638888888888889
3 0.353125 0.3527777777777778 0.2953125 0.09444444444444444
3 0.1984375 0.28888888888888886 0.1171875 0.05555555555555555
3 0.30625 0.275 0.1046875 0.058333333333333334
3 0.0796875 0.30277777777777776 0.1296875 0.06388888888888888
3 0.5890625 0.2388888888888889 0.109375 0.05277777777777778
3 0.5 0.25 0.1046875 0.05555555555555555
3 0.6703125 0.21944444444444444 0.0828125 0.05277777777777778
3 0.4109375 0.26666666666666666 0.1046875 0.05555555555555555