3 0.36875 0.5666666666666667 0.2625 0.38333333333333336
3 0.88125 0.04722222222222222 0.096875 0.06388888888888888
3 0.61875 0.5194444444444445 0.25 0.38333333333333336
3 0.11875 0.6083333333333333 0.225 0.36944444444444446
3 0.2734375 0.13333333333333333 0.1171875 0.058333333333333334
4 0.859375 0.4388888888888889 0.28125 0.3888888888888889
3 0.2375 0.22777777777777777 0.3125 0.09166666666666666
3 0.5375 0.19444444444444445 0.2984375 0.08611111111111111
3 0.38125 0.11666666666666667 0.1140625 0.06666666666666667
3 0.4828125 0.10277777777777777 0.1046875 0.06944444444444445
3 0.5828125 0.09166666666666666 0.1109375 0.06388888888888888
3 0.6828125 0.075 0.1046875 0.06388888888888888
3 0.784375 0.058333333333333334 0.0984375 0.06666666666666667
3 0.165625 0.14166666666666666 0.121875 0.07222222222222222
4 0.0546875 0.12222222222222222 0.109375 0.12777777777777777