4 0.1671875 0.16111111111111112 0.125 0.11666666666666667
3 0.4765625 0.65 0.25 0.39166666666666666
4 0.5546875 0.044444444444444446 0.06875 0.07777777777777778
3 0.2859375 0.17777777777777778 0.1109375 0.06388888888888888
3 0.3875 0.175 0.0953125 0.06111111111111111
3 0.4875 0.175 0.1015625 0.06111111111111111
3 0.584375 0.16666666666666666 0.1015625 0.06388888888888888
3 0.6875 0.1638888888888889 0.103125 0.06388888888888888
3 0.7921875 0.1527777777777778 0.1015625 0.06388888888888888
3 0.64375 0.2638888888888889 0.309375 0.08611111111111111
3 0.3421875 0.26944444444444443 0.3078125 0.07777777777777778
3 0.2171875 0.6583333333333333 0.26875 0.38333333333333336
3 0.71875 0.6388888888888888 0.259375 0.39444444444444443
3 0.4234375 0.06388888888888888 0.0734375 0.05
4 0.4875 0.05 0.06875 0.07777777777777778
3 0.290625 0.07222222222222222 0.0765625 0.04722222222222222