4 0.1640625 0.4166666666666667 0.1453125 0.15
3 0.2984375 0.3638888888888889 0.13125 0.12222222222222222
4 0.5515625 0.24444444444444444 0.1296875 0.15
3 0.4265625 0.3194444444444444 0.128125 0.125
3 0.6625 0.21944444444444444 0.0984375 0.11388888888888889
3 0.7875 0.16666666666666666 0.0984375 0.09166666666666666
3 0.8859375 0.11944444444444445 0.1203125 0.07777777777777778
3 0.3546875 0.18055555555555555 0.0734375 0.06666666666666667
4 0.5 0.1111111111111111 0.078125 0.07222222222222222
3 0.4296875 0.15 0.0734375 0.06111111111111111
3 0.278125 0.20833333333333334 0.0796875 0.06944444444444445
3 0.2 0.23055555555555557 0.0828125 0.06944444444444445
3 0.121875 0.25555555555555554 0.084375 0.06111111111111111