4 0.309375 0.12222222222222222 0.1140625 0.12222222222222222
3 0.4171875 0.14722222222222223 0.1078125 0.06944444444444445
3 0.4203125 0.03888888888888889 0.078125 0.05277777777777778
4 0.2109375 0.12777777777777777 0.0875 0.1111111111111111
3 0.7203125 0.13055555555555556 0.1140625 0.06944444444444445
3 0.5171875 0.1388888888888889 0.103125 0.07222222222222222
3 0.6140625 0.13333333333333333 0.1125 0.07777777777777778
3 0.8328125 0.12222222222222222 0.1234375 0.06944444444444445
3 0.946875 0.11944444444444445 0.10625 0.06666666666666667
3 0.775 0.225 0.3203125 0.09166666666666666
3 0.478125 0.24444444444444444 0.2890625 0.075
3 0.5890625 0.6194444444444445 0.2640625 0.4
3 0.3390625 0.6027777777777777 0.225 0.37777777777777777
3 0.8421875 0.625 0.26875 0.4111111111111111
3 0.1171875 0.5916666666666667 0.209375 0.3472222222222222
3 0.21875 0.2361111111111111 0.284375 0.07222222222222222
3 0.553125 0.027777777777777776 0.071875 0.05555555555555555