3 0.275 0.7234375 0.315625 0.421875
3 0.53125 0.6921875 0.2515625 0.4
4 0.76875 0.6125 0.3234375 0.4140625
3 0.45625 0.321875 0.3 0.078125
3 0.08125 0.2296875 0.14375 0.0703125
3 0.19375 0.234375 0.1234375 0.059375
3 0.303125 0.2328125 0.115625 0.0578125
3 0.403125 0.234375 0.103125 0.0546875
3 0.5046875 0.234375 0.0984375 0.053125
3 0.603125 0.23125 0.1046875 0.0546875
3 0.69375 0.228125 0.0921875 0.05625
4 0.1625 0.1046875 0.0828125 0.084375
3 0.234375 0.1234375 0.08125 0.05
4 0.303125 0.1078125 0.071875 0.078125
4 0.4390625 0.109375 0.0625 0.08125
4 0.371875 0.1078125 0.0703125 0.078125
3 0.084375 0.121875 0.084375 0.059375