4 0.1109375 0.5861111111111111 0.0859375 0.12777777777777777
4 0.2296875 0.5888888888888889 0.1515625 0.1361111111111111
3 0.34375 0.6277777777777778 0.09375 0.07777777777777778
3 0.459375 0.6361111111111111 0.103125 0.08333333333333333
3 0.5796875 0.6388888888888888 0.11875 0.1
3 0.7078125 0.6444444444444445 0.1359375 0.10277777777777777
3 0.85 0.6527777777777778 0.146875 0.09166666666666666
4 0.79375 0.49166666666666664 0.0765625 0.08055555555555556
4 0.7140625 0.49166666666666664 0.0828125 0.08888888888888889
3 0.56875 0.5111111111111111 0.0796875 0.05277777777777778
4 0.6390625 0.49444444444444446 0.071875 0.08333333333333333
3 0.3609375 0.7666666666666667 0.35 0.10833333333333334
3 0.74375 0.775 0.4359375 0.13333333333333333