3 0.33125 0.6777777777777778 0.4328125 0.14166666666666666
3 0.71875 0.6305555555555555 0.3421875 0.1111111111111111
3 0.1828125 0.5333333333333333 0.159375 0.1111111111111111
3 0.3265625 0.5194444444444445 0.1359375 0.08888888888888889
3 0.4515625 0.5138888888888888 0.121875 0.08611111111111111
3 0.578125 0.5027777777777778 0.1296875 0.08611111111111111
3 0.7078125 0.49722222222222223 0.1234375 0.08888888888888889
3 0.8390625 0.49444444444444446 0.096875 0.08333333333333333
4 0.2546875 0.3611111111111111 0.0859375 0.08333333333333333
3 0.1703125 0.3611111111111111 0.08125 0.08055555555555556
4 0.334375 0.35555555555555557 0.0765625 0.07777777777777778
4 0.4109375 0.35 0.0703125 0.08611111111111111