3 0.51875 0.6694444444444444 0.2546875 0.37777777777777777
3 0.2625 0.6666666666666666 0.265625 0.375
3 0.0671875 0.6666666666666666 0.134375 0.35555555555555557
3 0.7640625 0.6722222222222223 0.2296875 0.40555555555555556
3 0.1359375 0.28888888888888886 0.2703125 0.07777777777777778
3 0.409375 0.28888888888888886 0.2734375 0.06944444444444445
3 0.690625 0.28055555555555556 0.2984375 0.075
3 0.8546875 0.19166666666666668 0.1078125 0.06388888888888888
4 0.228125 0.18611111111111112 0.121875 0.09166666666666666
3 0.3375 0.20555555555555555 0.1 0.06388888888888888
3 0.4375 0.20555555555555555 0.10625 0.06388888888888888
4 0.125 0.17777777777777778 0.0953125 0.1111111111111111
3 0.5375 0.2 0.1 0.058333333333333334
3 0.6375 0.19444444444444445 0.1 0.06666666666666667
3 0.7453125 0.19166666666666668 0.115625 0.06111111111111111
3 0.346875 0.09722222222222222 0.06875 0.04722222222222222
4 0.4125 0.09166666666666666 0.0640625 0.05
3 0.478125 0.08888888888888889 0.0640625 0.05
4 0.540625 0.08055555555555556 0.0640625 0.05555555555555555
4 0.6078125 0.07777777777777778 0.0671875 0.058333333333333334
4 0.671875 0.075 0.0609375 0.06111111111111111
4 0.740625 0.07222222222222222 0.071875 0.06111111111111111