4 0.125 0.19166666666666668 0.1296875 0.12222222222222222
3 0.428125 0.6888888888888889 0.2609375 0.4
4 0.5171875 0.09722222222222222 0.0671875 0.07777777777777778
3 0.2359375 0.21666666666666667 0.1109375 0.06388888888888888
3 0.3421875 0.21388888888888888 0.1 0.06111111111111111
3 0.440625 0.2111111111111111 0.1015625 0.06111111111111111
3 0.540625 0.20277777777777778 0.1015625 0.06388888888888888
3 0.640625 0.19722222222222222 0.103125 0.06388888888888888
3 0.74375 0.19444444444444445 0.1015625 0.06388888888888888
3 0.5953125 0.2833333333333333 0.296875 0.08611111111111111
3 0.309375 0.30833333333333335 0.3078125 0.07777777777777778
3 0.153125 0.7 0.2828125 0.38333333333333336
3 0.68125 0.6861111111111111 0.259375 0.39444444444444443
3 0.3859375 0.1111111111111111 0.0703125 0.05
4 0.4515625 0.09722222222222222 0.06875 0.07777777777777778
3 0.2484375 0.11388888888888889 0.0765625 0.04722222222222222
4 0.903125 0.6 0.19375 0.5055555555555555
4 0.3171875 0.09166666666666666 0.071875 0.08611111111111111
4 0.5796875 0.09166666666666666 0.059375 0.08888888888888889