3 0.5390625 0.7083333333333334 0.125 0.09444444444444444
3 0.5640625 0.8583333333333333 0.3984375 0.12222222222222222
3 0.196875 0.8694444444444445 0.35 0.09444444444444444
4 0.0640625 0.725 0.1265625 0.14444444444444443
3 0.1703125 0.7444444444444445 0.0984375 0.08888888888888889
3 0.2921875 0.7361111111111112 0.109375 0.08888888888888889
3 0.4234375 0.7194444444444444 0.1171875 0.09722222222222222
3 0.6671875 0.6972222222222222 0.1328125 0.09722222222222222
3 0.80625 0.6833333333333333 0.1421875 0.09444444444444444
3 0.1953125 0.6055555555555555 0.0609375 0.04722222222222222
3 0.409375 0.5722222222222222 0.078125 0.058333333333333334
4 0.546875 0.5416666666666666 0.0765625 0.07222222222222222
4 0.621875 0.5388888888888889 0.0765625 0.075
4 0.334375 0.5694444444444444 0.0828125 0.08333333333333333