4 0.0796875 0.7638888888888888 0.1578125 0.16111111111111112
3 0.2109375 0.9277777777777778 0.396875 0.125
3 0.6 0.9083333333333333 0.4125 0.12222222222222222
3 0.8515625 0.7388888888888889 0.1453125 0.09722222222222222
3 0.709375 0.75 0.1515625 0.08888888888888889
3 0.571875 0.7666666666666667 0.13125 0.10277777777777777
3 0.45 0.7722222222222223 0.1265625 0.09722222222222222
3 0.3234375 0.7861111111111111 0.109375 0.09166666666666666
3 0.190625 0.7944444444444444 0.109375 0.09444444444444444
4 0.5078125 0.6138888888888889 0.071875 0.08055555555555556
4 0.578125 0.6055555555555555 0.0734375 0.06944444444444445
3 0.4359375 0.6305555555555555 0.0671875 0.05555555555555555