4 0.0796875 0.775 0.1578125 0.16111111111111112
3 0.2109375 0.9388888888888889 0.40625 0.11944444444444445
3 0.5984375 0.9166666666666666 0.4375 0.11388888888888889
3 0.8375 0.7527777777777778 0.1453125 0.09722222222222222
3 0.7046875 0.7694444444444445 0.1515625 0.08888888888888889
3 0.5671875 0.7805555555555556 0.13125 0.10277777777777777
3 0.45 0.7833333333333333 0.1265625 0.09722222222222222
3 0.31875 0.8027777777777778 0.109375 0.09166666666666666
3 0.19375 0.8083333333333333 0.1078125 0.09166666666666666
4 0.503125 0.6333333333333333 0.071875 0.08055555555555556
4 0.575 0.6222222222222222 0.0734375 0.06944444444444445
3 0.4328125 0.6472222222222223 0.0671875 0.05555555555555555