3 0.134375 0.775 0.26875 0.44722222222222224
3 0.3875 0.7055555555555556 0.24375 0.4027777777777778
4 0.603125 0.5833333333333334 0.2421875 0.4305555555555556
3 0.3 0.3611111111111111 0.30625 0.1
3 0.134375 0.26944444444444443 0.1265625 0.06944444444444445
3 0.2515625 0.25833333333333336 0.1171875 0.06388888888888888
3 0.35625 0.24722222222222223 0.103125 0.06666666666666667
3 0.45625 0.2388888888888889 0.0984375 0.06111111111111111
3 0.5671875 0.23055555555555557 0.1 0.06111111111111111
4 0.28125 0.125 0.0671875 0.08333333333333333
3 0.0546875 0.15833333333333333 0.0859375 0.05555555555555555
3 0.940625 0.5138888888888888 0.11875 0.225