3 0.3421875 0.7222222222222222 0.4328125 0.14166666666666666
3 0.725 0.7055555555555556 0.3546875 0.1111111111111111
3 0.0578125 0.5583333333333333 0.115625 0.1111111111111111
3 0.1984375 0.5611111111111111 0.1359375 0.09444444444444444
3 0.334375 0.5666666666666667 0.134375 0.08888888888888889
3 0.4609375 0.5611111111111111 0.1296875 0.08611111111111111
3 0.584375 0.5638888888888889 0.121875 0.08888888888888889
3 0.7109375 0.5555555555555556 0.125 0.08888888888888889
4 0.265625 0.4 0.0859375 0.08333333333333333
3 0.1859375 0.40555555555555556 0.08125 0.08055555555555556
4 0.34375 0.3972222222222222 0.0765625 0.07777777777777778
4 0.41875 0.3972222222222222 0.071875 0.08611111111111111