3 0.578125 0.5833333333333334 0.2484375 0.40555555555555556
4 0.2921875 0.075 0.121875 0.11666666666666667
3 0.7609375 0.18888888888888888 0.31875 0.07777777777777778
3 0.403125 0.1 0.1078125 0.07222222222222222
4 0.1921875 0.07777777777777778 0.0890625 0.11388888888888889
3 0.5 0.1 0.096875 0.07222222222222222
3 0.6015625 0.09444444444444444 0.103125 0.06666666666666667
3 0.7078125 0.09166666666666666 0.1078125 0.06666666666666667
3 0.8203125 0.08333333333333333 0.1203125 0.06666666666666667
3 0.4625 0.18611111111111112 0.290625 0.075
3 0.19375 0.18888888888888888 0.25 0.075
3 0.1125 0.5555555555555556 0.196875 0.3638888888888889
3 0.33125 0.5722222222222222 0.25625 0.3861111111111111
3 0.840625 0.5944444444444444 0.3046875 0.41944444444444445
3 0.9390625 0.07777777777777778 0.1203125 0.075