4 0.3875 0.4083333333333333 0.071875 0.08888888888888889
3 0.3078125 0.725 0.4296875 0.15833333333333333
4 0.3109375 0.4111111111111111 0.0828125 0.08333333333333333
4 0.23125 0.41388888888888886 0.08125 0.08055555555555556
3 0.6953125 0.7027777777777777 0.35 0.125
3 0.159375 0.5777777777777777 0.15 0.09166666666666666
3 0.3015625 0.575 0.1375 0.09166666666666666
3 0.43125 0.5694444444444444 0.1328125 0.09444444444444444
3 0.6703125 0.5694444444444444 0.115625 0.1
3 0.7859375 0.5722222222222222 0.1125 0.09444444444444444
3 0.55 0.5722222222222222 0.11875 0.08611111111111111
3 0.8953125 0.5666666666666667 0.1 0.08611111111111111
4 0.721875 0.425 0.08125 0.08055555555555556
4 0.8171875 0.425 0.078125 0.08888888888888889
3 0.146875 0.41944444444444445 0.0828125 0.07222222222222222