4 0.48125 0.3388888888888889 0.071875 0.08888888888888889
3 0.409375 0.6583333333333333 0.421875 0.12222222222222222
4 0.409375 0.3416666666666667 0.0765625 0.08333333333333333
4 0.33125 0.3388888888888889 0.078125 0.08055555555555556
3 0.7859375 0.6583333333333333 0.35625 0.125
3 0.128125 0.5027777777777778 0.14375 0.08888888888888889
3 0.2734375 0.5027777777777778 0.1375 0.09166666666666666
3 0.396875 0.5027777777777778 0.1328125 0.09444444444444444
3 0.6484375 0.5083333333333333 0.115625 0.1
3 0.7671875 0.5111111111111111 0.121875 0.1
3 0.5234375 0.5027777777777778 0.1234375 0.08611111111111111
3 0.896875 0.5166666666666667 0.134375 0.09444444444444444
4 0.828125 0.35833333333333334 0.0875 0.09444444444444444
3 0.253125 0.35 0.0828125 0.07222222222222222