4 0.3140625 0.3194444444444444 0.0765625 0.09444444444444444
3 0.2265625 0.6611111111111111 0.4453125 0.14166666666666666
4 0.234375 0.325 0.0828125 0.08333333333333333
4 0.15 0.3277777777777778 0.0859375 0.08055555555555556
3 0.625 0.6277777777777778 0.35 0.125
3 0.0578125 0.3388888888888889 0.0953125 0.07222222222222222
3 0.0765625 0.5055555555555555 0.14375 0.10277777777777777
3 0.221875 0.5 0.1453125 0.09722222222222222
3 0.3609375 0.49166666666666664 0.1375 0.09166666666666666
3 0.490625 0.48055555555555557 0.1203125 0.09444444444444444
3 0.725 0.475 0.109375 0.08055555555555556
3 0.828125 0.46944444444444444 0.1015625 0.07777777777777778
3 0.6078125 0.48333333333333334 0.125 0.08333333333333333
3 0.9140625 0.4666666666666667 0.090625 0.06666666666666667