4 0.2890625 0.3638888888888889 0.071875 0.08888888888888889
3 0.215625 0.6916666666666667 0.4296875 0.15833333333333333
4 0.2109375 0.36666666666666664 0.0828125 0.08333333333333333
4 0.121875 0.36944444444444446 0.0875 0.08055555555555556
3 0.596875 0.65 0.35 0.125
3 0.1953125 0.5472222222222223 0.15 0.09166666666666666
3 0.3359375 0.5361111111111111 0.1375 0.09166666666666666
3 0.4640625 0.525 0.1203125 0.09444444444444444
3 0.7078125 0.5083333333333333 0.1 0.08055555555555556
3 0.79375 0.5027777777777778 0.10625 0.075
3 0.584375 0.5166666666666667 0.11875 0.08611111111111111
3 0.8828125 0.49166666666666664 0.084375 0.06388888888888888
3 0.884375 0.6083333333333333 0.2296875 0.1111111111111111
4 0.621875 0.36666666666666664 0.06875 0.08055555555555556
4 0.7125 0.35833333333333334 0.0765625 0.08611111111111111