3 0.1828125 0.646875 0.28125 0.4078125
3 0.4546875 0.6390625 0.2703125 0.396875
3 0.70625 0.634375 0.2875 0.4015625
4 0.890625 0.571875 0.21875 0.484375
3 0.6265625 0.25 0.30625 0.0796875
3 0.33125 0.253125 0.3015625 0.0828125
4 0.04375 0.134375 0.0859375 0.1296875
4 0.1484375 0.134375 0.125 0.13125
3 0.2671875 0.0515625 0.0828125 0.0546875
3 0.2640625 0.1640625 0.1109375 0.059375
3 0.36875 0.165625 0.1078125 0.0609375
3 0.4046875 0.0515625 0.0734375 0.0484375
4 0.3390625 0.040625 0.0765625 0.0796875
4 0.471875 0.0390625 0.0703125 0.0765625
4 0.5375 0.0359375 0.06875 0.0703125
4 0.60234375 0.034375 0.0734375 0.06875
3 0.575 0.1609375 0.1140625 0.0640625
3 0.6765625 0.15625 0.10625 0.0640625
3 0.775 0.1515625 0.1 0.0609375
3 0.4703125 0.1640625 0.1078125 0.0640625