4 0.1453125 0.1111111111111111 0.134375 0.12222222222222222
3 0.265625 0.12777777777777777 0.1109375 0.07777777777777778
3 0.371875 0.13055555555555556 0.103125 0.075
3 0.471875 0.13333333333333333 0.10625 0.06666666666666667
3 0.5765625 0.13055555555555556 0.10625 0.06666666666666667
3 0.6828125 0.12222222222222222 0.1140625 0.07222222222222222
3 0.7875 0.11388888888888889 0.1046875 0.058333333333333334
3 0.33125 0.225 0.3 0.075
3 0.6265625 0.21944444444444444 0.2984375 0.09166666666666666
3 0.1703125 0.6083333333333333 0.25625 0.4111111111111111
3 0.4359375 0.6138888888888889 0.275 0.40555555555555556
3 0.696875 0.5944444444444444 0.2375 0.39444444444444443
4 0.9 0.5277777777777778 0.1984375 0.5055555555555555