4 0.1125 0.19166666666666668 0.1296875 0.12222222222222222
3 0.41875 0.6916666666666667 0.2609375 0.39166666666666666
4 0.5078125 0.08611111111111111 0.0671875 0.07777777777777778
3 0.2359375 0.21666666666666667 0.1109375 0.06388888888888888
3 0.3421875 0.21388888888888888 0.1 0.06111111111111111
3 0.440625 0.2111111111111111 0.1015625 0.06111111111111111
3 0.540625 0.20277777777777778 0.1015625 0.06388888888888888
3 0.640625 0.19722222222222222 0.103125 0.06388888888888888
3 0.74375 0.19444444444444445 0.1015625 0.06388888888888888
3 0.5953125 0.2833333333333333 0.296875 0.08611111111111111
3 0.3015625 0.30277777777777776 0.3078125 0.07777777777777778
3 0.153125 0.6972222222222222 0.26875 0.38333333333333336
3 0.6828125 0.6638888888888889 0.259375 0.39444444444444443
3 0.3765625 0.1 0.0703125 0.05
4 0.4421875 0.08611111111111111 0.06875 0.07777777777777778
3 0.2375 0.10833333333333334 0.0765625 0.04722222222222222
4 0.903125 0.5722222222222222 0.19375 0.5055555555555555
4 0.3109375 0.08888888888888889 0.071875 0.08611111111111111
4 0.5703125 0.075 0.059375 0.08888888888888889