3 0.6421875 0.5916666666666667 0.2484375 0.40555555555555556
3 0.1921875 0.13055555555555556 0.1203125 0.07222222222222222
4 0.0671875 0.11388888888888889 0.134375 0.11388888888888889
3 0.303125 0.13055555555555556 0.10625 0.075
3 0.4046875 0.125 0.1109375 0.06666666666666667
3 0.50625 0.11388888888888889 0.1078125 0.06666666666666667
3 0.609375 0.1111111111111111 0.103125 0.06666666666666667
3 0.5546875 0.20833333333333334 0.290625 0.075
3 0.2609375 0.21666666666666667 0.309375 0.075
3 0.1328125 0.6333333333333333 0.2421875 0.4166666666666667
3 0.384375 0.6083333333333333 0.265625 0.40555555555555556
4 0.859375 0.5361111111111111 0.2796875 0.4111111111111111
3 0.7140625 0.1 0.1015625 0.075