3 0.55 0.6972222222222222 0.125 0.09444444444444444
3 0.575 0.85 0.3984375 0.12222222222222222
3 0.196875 0.8694444444444445 0.35 0.09444444444444444
4 0.06875 0.7166666666666667 0.1359375 0.14722222222222223
3 0.1765625 0.7333333333333333 0.096875 0.10833333333333334
3 0.303125 0.725 0.109375 0.08888888888888889
3 0.4296875 0.7055555555555556 0.1171875 0.09722222222222222
3 0.678125 0.6861111111111111 0.134375 0.09722222222222222
3 0.8203125 0.6722222222222223 0.1421875 0.09444444444444444
3 0.415625 0.5666666666666667 0.075 0.058333333333333334
4 0.484375 0.5527777777777778 0.06875 0.07222222222222222
4 0.55625 0.5388888888888889 0.0765625 0.075
4 0.340625 0.5638888888888889 0.0859375 0.075
4 0.628125 0.5305555555555556 0.0734375 0.075