4 0.090625 0.6194444444444445 0.1796875 0.1638888888888889
3 0.2203125 0.8083333333333333 0.40625 0.1111111111111111
3 0.6171875 0.8055555555555556 0.4375 0.11388888888888889
3 0.8578125 0.6916666666666667 0.1734375 0.09444444444444444
3 0.7234375 0.6888888888888889 0.1515625 0.08888888888888889
3 0.5859375 0.6861111111111111 0.13125 0.08333333333333333
3 0.4703125 0.6805555555555556 0.1265625 0.075
3 0.3390625 0.6805555555555556 0.109375 0.075
3 0.2171875 0.6666666666666666 0.0984375 0.08333333333333333
4 0.525 0.5416666666666666 0.0765625 0.06666666666666667
4 0.5953125 0.5444444444444444 0.0734375 0.06944444444444445
3 0.4546875 0.5527777777777778 0.078125 0.05277777777777778