4 0.1140625 0.18055555555555555 0.1296875 0.11944444444444445
3 0.425 0.6694444444444444 0.25 0.39166666666666666
4 0.509375 0.075 0.06875 0.07777777777777778
3 0.2359375 0.20833333333333334 0.1109375 0.06388888888888888
3 0.34375 0.20555555555555555 0.1 0.06111111111111111
3 0.4421875 0.20277777777777778 0.1015625 0.06111111111111111
3 0.540625 0.2 0.1015625 0.06388888888888888
3 0.6421875 0.19722222222222222 0.103125 0.06388888888888888
3 0.74375 0.18888888888888888 0.1015625 0.06388888888888888
3 0.5953125 0.2833333333333333 0.296875 0.08611111111111111
3 0.3015625 0.30277777777777776 0.3078125 0.07777777777777778
3 0.1609375 0.6888888888888889 0.26875 0.38333333333333336
3 0.6765625 0.6583333333333333 0.259375 0.39444444444444443
3 0.3765625 0.09444444444444444 0.0703125 0.05
4 0.44375 0.07777777777777778 0.06875 0.07777777777777778
3 0.2390625 0.1 0.0765625 0.04722222222222222
4 0.903125 0.5972222222222222 0.19375 0.5055555555555555
4 0.3109375 0.07777777777777778 0.071875 0.08611111111111111