3 0.2265625 0.38333333333333336 0.109375 0.10833333333333334
3 0.34375 0.3611111111111111 0.1234375 0.10833333333333334
4 0.465625 0.3055555555555556 0.121875 0.16666666666666666
4 0.128125 0.375 0.11875 0.16666666666666666
4 0.225 0.20833333333333334 0.0796875 0.08333333333333333
3 0.2984375 0.21666666666666667 0.0703125 0.06388888888888888
3 0.5921875 0.2972222222222222 0.134375 0.11944444444444445
3 0.71875 0.2638888888888889 0.1328125 0.11666666666666667
4 0.865625 0.2 0.1625 0.14166666666666666
3 0.3625 0.18888888888888888 0.065625 0.058333333333333334
3 0.4328125 0.17222222222222222 0.0765625 0.058333333333333334
3 0.5046875 0.15555555555555556 0.078125 0.06666666666666667
3 0.5765625 0.13333333333333333 0.0734375 0.075
3 0.6515625 0.11666666666666667 0.078125 0.06666666666666667
3 0.73125 0.09166666666666666 0.0828125 0.058333333333333334
4 0.815625 0.04722222222222222 0.0921875 0.09444444444444444
3 0.2421875 0.5416666666666666 0.3640625 0.17222222222222222
3 0.6109375 0.4666666666666667 0.3890625 0.18888888888888888