4 0.175 0.4640625 0.29375 0.1640625
3 0.7578125 0.36875 0.15 0.1359375
3 0.3859375 0.3609375 0.1484375 0.053125
3 0.9609375 0.28125 0.078125 0.0453125
4 0.4921875 0.2359375 0.1515625 0.078125
3 0.7859375 0.2625 0.1 0.0734375
3 0.9734375 0.4046875 0.053125 0.0890625
3 0.9640625 0.3328125 0.071875 0.0640625
3 0.796875 0.203125 0.08125 0.04375
3 0.9578125 0.24375 0.0828125 0.0390625
3 0.4078125 0.31875 0.14375 0.0359375
3 0.6875 0.609375 0.2765625 0.3453125
4 0.9609375 0.190625 0.078125 0.08125
3 0.4421875 0.2875 0.125 0.0265625