3 0.61875 0.5916666666666667 0.246875 0.4027777777777778
3 0.1640625 0.15555555555555556 0.1265625 0.075
3 0.2703125 0.15 0.1125 0.07777777777777778
3 0.375 0.14444444444444443 0.1109375 0.075
3 0.478125 0.12777777777777777 0.1078125 0.06666666666666667
3 0.5828125 0.11666666666666667 0.103125 0.06666666666666667
3 0.5328125 0.21666666666666667 0.290625 0.075
3 0.2296875 0.25833333333333336 0.31875 0.08888888888888889
3 0.1171875 0.6805555555555556 0.228125 0.4166666666666667
3 0.3625 0.6388888888888888 0.2609375 0.41388888888888886
4 0.85 0.5055555555555555 0.3 0.44722222222222224
3 0.678125 0.10555555555555556 0.1015625 0.075
4 0.0515625 0.14166666666666666 0.1015625 0.12777777777777777