3 0.61875 0.7888888888888889 0.35 0.125
3 0.23125 0.8361111111111111 0.425 0.15
3 0.08125 0.6888888888888889 0.14375 0.10833333333333334
3 0.228125 0.6833333333333333 0.1375 0.1
3 0.3609375 0.6611111111111111 0.1265625 0.10555555555555556
3 0.4875 0.6583333333333333 0.1265625 0.08888888888888889
3 0.60625 0.6472222222222223 0.1125 0.08333333333333333
3 0.715625 0.6416666666666667 0.1171875 0.08611111111111111
3 0.821875 0.6361111111111111 0.1015625 0.075
3 0.0703125 0.5194444444444445 0.090625 0.06944444444444445
4 0.159375 0.5166666666666667 0.0828125 0.07222222222222222
4 0.240625 0.5111111111111111 0.08125 0.08055555555555556
4 0.3171875 0.5055555555555555 0.06875 0.08333333333333333
3 0.915625 0.625 0.0921875 0.06666666666666667