3 0.3359375 0.5833333333333334 0.2625 0.38333333333333336
3 0.7421875 0.03888888888888889 0.096875 0.06388888888888888
3 0.5921875 0.5222222222222223 0.25 0.38333333333333336
3 0.1015625 0.6138888888888889 0.203125 0.36944444444444446
3 0.1203125 0.11388888888888889 0.1265625 0.075
4 0.809375 0.4305555555555556 0.28125 0.3888888888888889
3 0.1859375 0.20833333333333334 0.3328125 0.09166666666666666
3 0.496875 0.16111111111111112 0.2984375 0.08611111111111111
3 0.2328125 0.10277777777777777 0.1140625 0.07777777777777778
3 0.3375 0.09166666666666666 0.109375 0.06944444444444445
3 0.44375 0.08055555555555556 0.10625 0.07222222222222222
3 0.5453125 0.06388888888888888 0.1 0.07222222222222222
3 0.6453125 0.05277777777777778 0.0984375 0.06666666666666667