3 0.2484375 0.7472222222222222 0.26875 0.44722222222222224
3 0.496875 0.7138888888888889 0.24375 0.3861111111111111
4 0.7421875 0.6083333333333333 0.278125 0.40555555555555556
3 0.4140625 0.3388888888888889 0.290625 0.09166666666666666
3 0.1515625 0.275 0.1234375 0.06666666666666667
3 0.2625 0.2611111111111111 0.1171875 0.06388888888888888
3 0.36875 0.25555555555555554 0.103125 0.06388888888888888
3 0.4671875 0.24722222222222223 0.0984375 0.05555555555555555
3 0.5671875 0.23055555555555557 0.1 0.06111111111111111
4 0.396875 0.12222222222222222 0.0625 0.08333333333333333
3 0.190625 0.1527777777777778 0.0796875 0.05555555555555555