4 0.3453125 0.37222222222222223 0.0765625 0.08333333333333333
3 0.2640625 0.6916666666666667 0.4359375 0.11944444444444445
4 0.265625 0.375 0.0828125 0.06944444444444445
4 0.18125 0.38055555555555554 0.0828125 0.06666666666666667
3 0.6453125 0.6555555555555556 0.35 0.10555555555555556
4 0.7703125 0.36944444444444446 0.078125 0.08611111111111111
4 0.6765625 0.37222222222222223 0.0765625 0.08333333333333333
3 0.0953125 0.3888888888888889 0.09375 0.06944444444444445
3 0.1109375 0.55 0.14375 0.10277777777777777
3 0.2546875 0.5444444444444444 0.140625 0.09722222222222222
3 0.390625 0.5388888888888889 0.1328125 0.09166666666666666
3 0.51875 0.5333333333333333 0.1203125 0.09444444444444444
3 0.7640625 0.5138888888888888 0.0984375 0.08611111111111111
3 0.85625 0.5083333333333333 0.09375 0.075
3 0.6421875 0.5194444444444445 0.121875 0.08333333333333333