3 0.5296875 0.6722222222222223 0.2546875 0.37777777777777777
3 0.2765625 0.6638888888888889 0.2453125 0.35555555555555557
3 0.078125 0.6555555555555556 0.1484375 0.35555555555555557
3 0.775 0.6722222222222223 0.2296875 0.40555555555555556
3 0.1453125 0.2916666666666667 0.278125 0.07222222222222222
3 0.4203125 0.28888888888888886 0.2703125 0.06944444444444445
3 0.7046875 0.28888888888888886 0.3015625 0.06666666666666667
3 0.86875 0.19444444444444445 0.1078125 0.06388888888888888
4 0.2421875 0.18611111111111112 0.121875 0.09166666666666666
3 0.35 0.20555555555555555 0.1 0.06388888888888888
3 0.45 0.20555555555555555 0.10625 0.06388888888888888
4 0.1375 0.17777777777777778 0.0953125 0.1111111111111111
3 0.55 0.20555555555555555 0.1 0.058333333333333334
3 0.6515625 0.20555555555555555 0.1 0.06666666666666667
3 0.7578125 0.19722222222222222 0.115625 0.06111111111111111
3 0.3578125 0.10555555555555556 0.06875 0.04722222222222222
4 0.425 0.09444444444444444 0.0640625 0.05
3 0.4875 0.09444444444444444 0.0640625 0.05
4 0.553125 0.08888888888888889 0.0640625 0.05555555555555555
4 0.61875 0.08888888888888889 0.0671875 0.058333333333333334
4 0.684375 0.08333333333333333 0.0609375 0.06111111111111111
4 0.753125 0.07777777777777778 0.071875 0.06111111111111111