4 0.0828125 0.5972222222222222 0.1640625 0.15
3 0.2046875 0.6166666666666667 0.13125 0.10833333333333334
3 0.3234375 0.6138888888888889 0.1140625 0.10555555555555556
3 0.4390625 0.6027777777777777 0.1359375 0.10833333333333334
3 0.56875 0.5972222222222222 0.1375 0.11666666666666667
3 0.7015625 0.5833333333333334 0.1390625 0.12777777777777777
3 0.8484375 0.5777777777777777 0.1546875 0.12222222222222222
3 0.5984375 0.75 0.421875 0.11388888888888889
3 0.225 0.7527777777777778 0.3546875 0.10555555555555556
4 0.5796875 0.4361111111111111 0.0734375 0.07777777777777778
4 0.6515625 0.4388888888888889 0.071875 0.075
4 0.50625 0.44722222222222224 0.0765625 0.06944444444444445