4 0.184375 0.4027777777777778 0.14375 0.15
3 0.3171875 0.3638888888888889 0.13125 0.12222222222222222
4 0.571875 0.25833333333333336 0.1359375 0.1527777777777778
3 0.44375 0.3194444444444444 0.128125 0.11666666666666667
3 0.6921875 0.2388888888888889 0.0984375 0.11388888888888889
3 0.05625 0.4666666666666667 0.1109375 0.11944444444444445
3 0.8078125 0.2 0.0984375 0.09166666666666666
3 0.8953125 0.15833333333333333 0.1203125 0.075
3 0.3765625 0.18333333333333332 0.0734375 0.06666666666666667
4 0.5171875 0.11944444444444445 0.0796875 0.08333333333333333
4 0.6 0.08888888888888889 0.084375 0.09444444444444444
3 0.446875 0.1638888888888889 0.0671875 0.06111111111111111
3 0.2984375 0.20555555555555555 0.0796875 0.06944444444444445
3 0.21875 0.2388888888888889 0.0875 0.06388888888888888
3 0.1390625 0.25833333333333336 0.084375 0.06111111111111111