3 0.225 0.2361111111111111 0.1265625 0.06666666666666667
3 0.5765625 0.3111111111111111 0.2984375 0.06944444444444445
4 0.8640625 0.6111111111111112 0.2703125 0.5138888888888888
3 0.1546875 0.7305555555555555 0.2796875 0.4
3 0.4078125 0.7138888888888889 0.2703125 0.4166666666666667
3 0.646875 0.7 0.2453125 0.4
3 0.328125 0.2361111111111111 0.1109375 0.06666666666666667
3 0.428125 0.2361111111111111 0.1109375 0.06111111111111111
3 0.5328125 0.23333333333333334 0.1140625 0.058333333333333334
3 0.6265625 0.23055555555555557 0.0953125 0.058333333333333334
3 0.7265625 0.225 0.103125 0.06111111111111111
4 0.565625 0.10833333333333334 0.071875 0.075
4 0.5015625 0.1111111111111111 0.0671875 0.07777777777777778
3 0.3640625 0.12777777777777777 0.071875 0.04722222222222222
4 0.43125 0.1111111111111111 0.065625 0.07222222222222222
4 0.2984375 0.1111111111111111 0.071875 0.07777777777777778