3 0.184375 0.6828125 0.2671875 0.3921875
3 0.45 0.665625 0.26875 0.3921875
3 0.6984375 0.659375 0.2328125 0.3953125
4 0.90625 0.5703125 0.1859375 0.509375
3 0.340625 0.290625 0.2984375 0.0671875
3 0.6296875 0.28125 0.2921875 0.0859375
4 0.1640625 0.1890625 0.1265625 0.1234375
3 0.278125 0.20625 0.1046875 0.059375
3 0.38125 0.2 0.1078125 0.0609375
3 0.4828125 0.1953125 0.1046875 0.0546875
3 0.584375 0.1875 0.10625 0.05625
3 0.6859375 0.1828125 0.1 0.05625
3 0.79375 0.171875 0.109375 0.0578125
4 0.0515625 0.190625 0.1 0.11875
3 0.2875 0.1 0.0765625 0.0484375
4 0.3578125 0.0875 0.0640625 0.075
3 0.421875 0.09375 0.065625 0.0578125