3 0.5421875 0.6861111111111111 0.125 0.09444444444444444
3 0.6984375 0.8277777777777777 0.4046875 0.12777777777777777
3 0.3265625 0.8305555555555556 0.3375 0.11666666666666667
4 0.065625 0.6888888888888889 0.090625 0.125
4 0.1875 0.6833333333333333 0.15625 0.12222222222222222
3 0.3 0.6916666666666667 0.09375 0.10277777777777777
3 0.4203125 0.6916666666666667 0.103125 0.09722222222222222
3 0.6640625 0.6777777777777778 0.1296875 0.09444444444444444
3 0.8015625 0.6694444444444444 0.1375 0.09444444444444444
3 0.5265625 0.5388888888888889 0.065625 0.058333333333333334
4 0.596875 0.5222222222222223 0.0703125 0.075
4 0.6703125 0.5111111111111111 0.075 0.08055555555555556
4 0.45625 0.5277777777777778 0.0734375 0.08333333333333333
4 0.746875 0.5027777777777778 0.078125 0.08333333333333333